1959,0,8,12,25,31,40,42   
1959,1,6,13,28,38,46,47   
1959,2,2,7,15,26,27,49   
1959,3,7,10,21,26,32,38   
1959,4,8,14,18,22,31,38   
1959,5,8,18,19,24,33,42   
1959,6,10,15,23,29,37,49   
1959,7,22,27,28,41,44,47   
1959,8,18,21,22,37,41,49   
1959,9,1,9,10,18,32,41   
1959,10,7,8,11,19,29,30   
1959,11,2,16,18,27,34,47   
1959,12,9,11,21,30,33,48   
1959,13,2,8,20,32,37,41   
1959,14,13,18,19,29,36,42   
1959,15,3,11,16,17,26,49   
1959,16,6,15,20,30,35,36   
1959,17,5,16,20,31,35,40   
1959,18,7,12,24,30,32,34   
1959,19,9,11,13,19,30,34   
1959,20,1,10,12,16,28,40   
1959,21,11,16,18,22,36,45   
1959,22,4,6,25,31,41,48   
1959,23,3,8,23,37,40,41   
1959,24,8,17,19,20,23,44   
1959,25,12,15,30,31,41,43   
1959,26,16,19,35,37,46,49   
1959,27,3,4,21,26,42,49   
1959,28,2,16,30,40,42,49   
1959,29,17,26,30,39,42,43   
1959,30,6,12,25,28,33,35   
1959,31,5,10,14,22,33,43   
1959,32,2,7,14,34,42,43   
1959,33,4,9,10,18,35,48   
1959,34,16,18,21,24,28,43   
1959,35,3,14,22,32,33,34   
1959,36,8,11,41,42,43,46   
1959,37,3,4,9,16,26,42   
1959,38,1,10,11,23,45,46   
1959,39,4,6,17,21,27,31   
1959,40,4,13,22,25,31,35   
1959,41,2,17,19,22,33,44   
1959,42,8,32,34,35,40,42   
1959,43,7,15,19,29,38,47   
1959,44,13,16,20,36,47,49   
1959,45,7,21,23,25,31,44   
1959,46,12,16,19,32,38,40   
1959,47,1,8,19,27,41,44   
1959,48,12,21,27,28,41,45   
1959,49,6,8,23,27,42,47   
1959,50,17,24,31,32,37,47   
1959,51,1,13,16,21,30,34   
1959,52,6,16,22,32,38,45   
1960,1,5,9,21,24,39,48   
1960,2,13,14,25,29,42,48   
1960,3,15,16,19,23,39,45   
1960,4,1,3,6,21,31,42   
1960,5,3,6,23,42,46,49   
1960,6,2,4,5,9,13,31   
1960,7,8,17,28,29,38,43   
1960,8,1,2,12,17,24,49   
1960,9,10,22,27,38,46,49   
1960,10,11,15,18,31,38,49   
1960,11,1,3,4,11,37,38   
1960,12,2,8,29,37,41,46   
1960,13,3,14,18,24,29,39   
1960,14,15,24,25,29,38,48   
1960,15,14,23,33,36,37,48   
1960,16,6,17,18,23,42,49   
1960,17,4,10,12,25,27,33   
1960,18,3,5,6,16,44,49   
1960,19,12,16,21,39,41,49   
1960,20,3,5,11,12,19,30   
1960,21,3,4,23,25,44,48   
1960,22,5,24,26,35,41,44   
1960,23,1,2,5,29,38,39   
1960,24,1,11,25,26,34,46   
1960,25,9,13,16,34,38,41   
1960,26,6,30,39,40,44,46   
1960,27,1,13,16,17,25,35   
1960,28,4,6,20,22,38,40   
1960,29,12,15,19,25,35,45   
1960,30,1,14,19,25,28,39   
1960,31,6,7,21,27,36,39   
1960,32,12,14,22,28,29,34   
1960,33,4,5,17,21,30,47   
1960,34,20,21,23,28,34,44   
1960,35,13,18,36,37,41,43   
1960,36,14,16,21,23,32,47   
1960,37,4,7,11,16,22,33   
1960,38,4,6,7,17,20,25   
1960,39,5,8,17,25,32,45   
1960,40,12,14,22,30,36,40   
1960,41,14,23,31,40,47,49   
1960,42,14,20,23,27,38,45   
1960,43,16,26,28,33,37,49   
1960,44,1,4,7,28,35,39   
1960,45,14,17,22,29,31,45   
1960,46,6,11,20,24,35,43   
1960,47,14,26,27,28,29,45   
1960,48,3,9,11,19,20,31   
1960,49,17,23,34,35,38,47   
1960,50,1,4,25,29,33,34   
1960,51,5,12,18,25,36,38   
1960,52,4,10,18,19,25,31   
1961,1,5,9,21,24,39,48   
1961,2,13,14,25,29,42,48   
1961,3,15,16,19,23,39,45   
1961,4,1,3,6,21,31,42   
1961,5,3,6,23,42,46,49   
1961,6,2,4,5,9,13,31   
1961,7,8,17,28,29,38,43   
1961,8,1,2,12,17,24,49   
1961,9,10,22,27,38,46,49   
1961,10,11,15,18,31,38,49   
1961,11,1,3,4,11,37,38   
1961,12,2,8,29,37,41,46   
1961,13,3,14,18,24,29,39   
1961,14,15,24,25,29,38,48   
1961,15,14,23,33,36,37,48   
1961,16,6,17,18,23,42,49   
1961,17,4,10,12,25,27,33   
1961,18,3,5,6,16,44,49   
1961,19,12,16,21,39,41,49   
1961,20,3,5,11,12,19,30   
1961,21,3,4,23,25,44,48   
1961,22,5,24,26,35,41,44   
1961,23,1,2,5,29,38,39   
1961,24,1,11,25,26,34,46   
1961,25,9,13,16,34,38,41   
1961,26,6,30,39,40,44,46   
1961,27,1,13,16,17,25,35   
1961,28,4,6,20,22,38,40   
1961,29,12,15,19,25,35,45   
1961,30,1,14,19,25,28,39   
1961,31,6,7,21,27,36,39   
1961,32,12,14,22,28,29,34   
1961,33,4,5,17,21,30,47   
1961,34,20,21,23,28,34,44   
1961,35,13,18,36,37,41,43   
1961,36,14,16,21,23,32,47   
1961,37,4,7,11,16,22,33   
1961,38,4,6,7,17,20,25   
1961,39,5,8,17,25,32,45   
1961,40,12,14,22,30,36,40   
1961,41,14,23,31,40,47,49   
1961,42,14,20,23,27,38,45   
1961,43,16,26,28,33,37,49   
1961,44,1,4,7,28,35,39   
1961,45,14,17,22,29,31,45   
1961,46,6,11,20,24,35,43   
1961,47,14,26,27,28,29,45   
1961,48,3,9,11,19,20,31   
1961,49,17,23,34,35,38,47   
1961,50,1,4,25,29,33,34   
1961,51,5,12,18,25,36,38   
1961,52,4,10,18,19,25,31   
1962,1,5,9,21,24,39,48   
1962,2,13,14,25,29,42,48   
1962,3,15,16,19,23,39,45   
1962,4,1,3,6,21,31,42   
1962,5,3,6,23,42,46,49   
1962,6,2,4,5,9,13,31   
1962,7,8,17,28,29,38,43   
1962,8,1,2,12,17,24,49   
1962,9,10,22,27,38,46,49   
1962,10,11,15,18,31,38,49   
1962,11,1,3,4,11,37,38   
1962,12,2,8,29,37,41,46   
1962,13,3,14,18,24,29,39   
1962,14,15,24,25,29,38,48   
1962,15,14,23,33,36,37,48   
1962,16,6,17,18,23,42,49   
1962,17,4,10,12,25,27,33   
1962,18,3,5,6,16,44,49   
1962,19,12,16,21,39,41,49   
1962,20,3,5,11,12,19,30   
1962,21,3,4,23,25,44,48   
1962,22,5,24,26,35,41,44   
1962,23,1,2,5,29,38,39   
1962,24,1,11,25,26,34,46   
1962,25,9,13,16,34,38,41   
1962,26,6,30,39,40,44,46   
1962,27,1,13,16,17,25,35   
1962,28,4,6,20,22,38,40   
1962,29,12,15,19,25,35,45   
1962,30,1,14,19,25,28,39   
1962,31,6,7,21,27,36,39   
1962,32,12,14,22,28,29,34   
1962,33,4,5,17,21,30,47   
1962,34,20,21,23,28,34,44   
1962,35,13,18,36,37,41,43   
1962,36,14,16,21,23,32,47   
1962,37,4,7,11,16,22,33   
1962,38,4,6,7,17,20,25   
1962,39,5,8,17,25,32,45   
1962,40,12,14,22,30,36,40   
1962,41,14,23,31,40,47,49   
1962,42,14,20,23,27,38,45   
1962,43,16,26,28,33,37,49   
1962,44,1,4,7,28,35,39   
1962,45,14,17,22,29,31,45   
1962,46,6,11,20,24,35,43   
1962,47,14,26,27,28,29,45   
1962,48,3,9,11,19,20,31   
1962,49,17,23,34,35,38,47   
1962,50,1,4,25,29,33,34   
1962,51,5,12,18,25,36,38   
1962,52,4,10,18,19,25,31   
1963,1,5,9,21,24,39,48   
1963,2,13,14,25,29,42,48   
1963,3,15,16,19,23,39,45   
1963,4,1,3,6,21,31,42   
1963,5,3,6,23,42,46,49   
1963,6,2,4,5,9,13,31   
1963,7,8,17,28,29,38,43   
1963,8,1,2,12,17,24,49   
1963,9,10,22,27,38,46,49   
1963,10,11,15,18,31,38,49   
1963,11,1,3,4,11,37,38   
1963,12,2,8,29,37,41,46   
1963,13,3,14,18,24,29,39   
1963,14,15,24,25,29,38,48   
1963,15,14,23,33,36,37,48   
1963,16,6,17,18,23,42,49   
1963,17,4,10,12,25,27,33   
1963,18,3,5,6,16,44,49   
1963,19,12,16,21,39,41,49   
1963,20,3,5,11,12,19,30   
1963,21,3,4,23,25,44,48   
1963,22,5,24,26,35,41,44   
1963,23,1,2,5,29,38,39   
1963,24,1,11,25,26,34,46   
1963,25,9,13,16,34,38,41   
1963,26,6,30,39,40,44,46   
1963,27,1,13,16,17,25,35   
1963,28,4,6,20,22,38,40   
1963,29,12,15,19,25,35,45   
1963,30,1,14,19,25,28,39   
1963,31,6,7,21,27,36,39   
1963,32,12,14,22,28,29,34   
1963,33,4,5,17,21,30,47   
1963,34,20,21,23,28,34,44   
1963,35,13,18,36,37,41,43   
1963,36,14,16,21,23,32,47   
1963,37,4,7,11,16,22,33   
1963,38,4,6,7,17,20,25   
1963,39,5,8,17,25,32,45   
1963,40,12,14,22,30,36,40   
1963,41,14,23,31,40,47,49   
1963,42,14,20,23,27,38,45   
1963,43,16,26,28,33,37,49   
1963,44,1,4,7,28,35,39   
1963,45,14,17,22,29,31,45   
1963,46,6,11,20,24,35,43   
1963,47,14,26,27,28,29,45   
1963,48,3,9,11,19,20,31   
1963,49,17,23,34,35,38,47   
1963,50,1,4,25,29,33,34   
1963,51,5,12,18,25,36,38   
1963,52,4,10,18,19,25,31   
1964,1,5,9,21,24,39,48   
1964,2,13,14,25,29,42,48   
1964,3,15,16,19,23,39,45   
1964,4,1,3,6,21,31,42   
1964,5,3,6,23,42,46,49   
1964,6,2,4,5,9,13,31   
1964,7,8,17,28,29,38,43   
1964,8,1,2,12,17,24,49   
1964,9,10,22,27,38,46,49   
1964,10,11,15,18,31,38,49   
1964,11,1,3,4,11,37,38   
1964,12,2,8,29,37,41,46   
1964,13,3,14,18,24,29,39   
1964,14,15,24,25,29,38,48   
1964,15,14,23,33,36,37,48   
1964,16,6,17,18,23,42,49   
1964,17,4,10,12,25,27,33   
1964,18,3,5,6,16,44,49   
1964,19,12,16,21,39,41,49   
1964,20,3,5,11,12,19,30   
1964,21,3,4,23,25,44,48   
1964,22,5,24,26,35,41,44   
1964,23,1,2,5,29,38,39   
1964,24,1,11,25,26,34,46   
1964,25,9,13,16,34,38,41   
1964,26,6,30,39,40,44,46   
1964,27,1,13,16,17,25,35   
1964,28,4,6,20,22,38,40   
1964,29,12,15,19,25,35,45   
1964,30,1,14,19,25,28,39   
1964,31,6,7,21,27,36,39   
1964,32,12,14,22,28,29,34   
1964,33,4,5,17,21,30,47   
1964,34,20,21,23,28,34,44   
1964,35,13,18,36,37,41,43   
1964,36,14,16,21,23,32,47   
1964,37,4,7,11,16,22,33   
1964,38,4,6,7,17,20,25   
1964,39,5,8,17,25,32,45   
1964,40,12,14,22,30,36,40   
1964,41,14,23,31,40,47,49   
1964,42,14,20,23,27,38,45   
1964,43,16,26,28,33,37,49   
1964,44,1,4,7,28,35,39   
1964,45,14,17,22,29,31,45   
1964,46,6,11,20,24,35,43   
1964,47,14,26,27,28,29,45   
1964,48,3,9,11,19,20,31   
1964,49,17,23,34,35,38,47   
1964,50,1,4,25,29,33,34   
1964,51,5,12,18,25,36,38   
1964,52,4,10,18,19,25,31   
1965,1,5,9,21,24,39,48   
1965,2,13,14,25,29,42,48   
1965,3,15,16,19,23,39,45   
1965,4,1,3,6,21,31,42   
1965,5,3,6,23,42,46,49   
1965,6,2,4,5,9,13,31   
1965,7,8,17,28,29,38,43   
1965,8,1,2,12,17,24,49   
1965,9,10,22,27,38,46,49   
1965,10,11,15,18,31,38,49   
1965,11,1,3,4,11,37,38   
1965,12,2,8,29,37,41,46   
1965,13,3,14,18,24,29,39   
1965,14,15,24,25,29,38,48   
1965,15,14,23,33,36,37,48   
1965,16,6,17,18,23,42,49   
1965,17,4,10,12,25,27,33   
1965,18,3,5,6,16,44,49   
1965,19,12,16,21,39,41,49   
1965,20,3,5,11,12,19,30   
1965,21,3,4,23,25,44,48   
1965,22,5,24,26,35,41,44   
1965,23,1,2,5,29,38,39   
1965,24,1,11,25,26,34,46   
1965,25,9,13,16,34,38,41   
1965,26,6,30,39,40,44,46   
1965,27,1,13,16,17,25,35   
1965,28,4,6,20,22,38,40   
1965,29,12,15,19,25,35,45   
1965,30,1,14,19,25,28,39   
1965,31,6,7,21,27,36,39   
1965,32,12,14,22,28,29,34   
1965,33,4,5,17,21,30,47   
1965,34,20,21,23,28,34,44   
1965,35,13,18,36,37,41,43   
1965,36,14,16,21,23,32,47   
1965,37,4,7,11,16,22,33   
1965,38,4,6,7,17,20,25   
1965,39,5,8,17,25,32,45   
1965,40,12,14,22,30,36,40   
1965,41,14,23,31,40,47,49   
1965,42,14,20,23,27,38,45   
1965,43,16,26,28,33,37,49   
1965,44,1,4,7,28,35,39   
1965,45,14,17,22,29,31,45   
1965,46,6,11,20,24,35,43   
1965,47,14,26,27,28,29,45   
1965,48,3,9,11,19,20,31   
1965,49,17,23,34,35,38,47   
1965,50,1,4,25,29,33,34   
1965,51,5,12,18,25,36,38   
1965,52,4,10,18,19,25,31   
1966,1,5,9,21,24,39,48   
1966,2,13,14,25,29,42,48   
1966,3,15,16,19,23,39,45   
1966,4,1,3,6,21,31,42   
1966,5,3,6,23,42,46,49   
1966,6,2,4,5,9,13,31   
1966,7,8,17,28,29,38,43   
1966,8,1,2,12,17,24,49   
1966,9,10,22,27,38,46,49   
1966,10,11,15,18,31,38,49   
1966,11,1,3,4,11,37,38   
1966,12,2,8,29,37,41,46   
1966,13,3,14,18,24,29,39   
1966,14,15,24,25,29,38,48   
1966,15,14,23,33,36,37,48   
1966,16,6,17,18,23,42,49   
1966,17,4,10,12,25,27,33   
1966,18,3,5,6,16,44,49   
1966,19,12,16,21,39,41,49   
1966,20,3,5,11,12,19,30   
1966,21,3,4,23,25,44,48   
1966,22,5,24,26,35,41,44   
1966,23,1,2,5,29,38,39   
1966,24,1,11,25,26,34,46   
1966,25,9,13,16,34,38,41   
1966,26,6,30,39,40,44,46   
1966,27,1,13,16,17,25,35   
1966,28,4,6,20,22,38,40   
1966,29,12,15,19,25,35,45   
1966,30,1,14,19,25,28,39   
1966,31,6,7,21,27,36,39   
1966,32,12,14,22,28,29,34   
1966,33,4,5,17,21,30,47   
1966,34,20,21,23,28,34,44   
1966,35,13,18,36,37,41,43   
1966,36,14,16,21,23,32,47   
1966,37,4,7,11,16,22,33   
1966,38,4,6,7,17,20,25   
1966,39,5,8,17,25,32,45   
1966,40,12,14,22,30,36,40   
1966,41,14,23,31,40,47,49   
1966,42,14,20,23,27,38,45   
1966,43,16,26,28,33,37,49   
1966,44,1,4,7,28,35,39   
1966,45,14,17,22,29,31,45   
1966,46,6,11,20,24,35,43   
1966,47,14,26,27,28,29,45   
1966,48,3,9,11,19,20,31   
1966,49,17,23,34,35,38,47   
1966,50,1,4,25,29,33,34   
1966,51,5,12,18,25,36,38   
1966,52,4,10,18,19,25,31   
1967,1,5,9,21,24,39,48   
1967,2,13,14,25,29,42,48   
1967,3,15,16,19,23,39,45   
1967,4,1,3,6,21,31,42   
1967,5,3,6,23,42,46,49   
1967,6,2,4,5,9,13,31   
1967,7,8,17,28,29,38,43   
1967,8,1,2,12,17,24,49   
1967,9,10,22,27,38,46,49   
1967,10,11,15,18,31,38,49   
1967,11,1,3,4,11,37,38   
1967,12,2,8,29,37,41,46   
1967,13,3,14,18,24,29,39   
1967,14,15,24,25,29,38,48   
1967,15,14,23,33,36,37,48   
1967,16,6,17,18,23,42,49   
1967,17,4,10,12,25,27,33   
1967,18,3,5,6,16,44,49   
1967,19,12,16,21,39,41,49   
1967,20,3,5,11,12,19,30   
1967,21,3,4,23,25,44,48   
1967,22,5,24,26,35,41,44   
1967,23,1,2,5,29,38,39   
1967,24,1,11,25,26,34,46   
1967,25,9,13,16,34,38,41   
1967,26,6,30,39,40,44,46   
1967,27,1,13,16,17,25,35   
1967,28,4,6,20,22,38,40   
1967,29,12,15,19,25,35,45   
1967,30,1,14,19,25,28,39   
1967,31,6,7,21,27,36,39   
1967,32,12,14,22,28,29,34   
1967,33,4,5,17,21,30,47   
1967,34,20,21,23,28,34,44   
1967,35,13,18,36,37,41,43   
1967,36,14,16,21,23,32,47   
1967,37,4,7,11,16,22,33   
1967,38,4,6,7,17,20,25   
1967,39,5,8,17,25,32,45   
1967,40,12,14,22,30,36,40   
1967,41,14,23,31,40,47,49   
1967,42,14,20,23,27,38,45   
1967,43,16,26,28,33,37,49   
1967,44,1,4,7,28,35,39   
1967,45,14,17,22,29,31,45   
1967,46,6,11,20,24,35,43   
1967,47,14,26,27,28,29,45   
1967,48,3,9,11,19,20,31   
1967,49,17,23,34,35,38,47   
1967,50,1,4,25,29,33,34   
1967,51,5,12,18,25,36,38   
1967,52,4,10,18,19,25,31   
1968,1,5,9,21,24,39,48   
1968,2,13,14,25,29,42,48   
1968,3,15,16,19,23,39,45   
1968,4,1,3,6,21,31,42   
1968,5,3,6,23,42,46,49   
1968,6,2,4,5,9,13,31   
1968,7,8,17,28,29,38,43   
1968,8,1,2,12,17,24,49   
1968,9,10,22,27,38,46,49   
1968,10,11,15,18,31,38,49   
1968,11,1,3,4,11,37,38   
1968,12,2,8,29,37,41,46   
1968,13,3,14,18,24,29,39   
1968,14,15,24,25,29,38,48   
1968,15,14,23,33,36,37,48   
1968,16,6,17,18,23,42,49   
1968,17,4,10,12,25,27,33   
1968,18,3,5,6,16,44,49   
1968,19,12,16,21,39,41,49   
1968,20,3,5,11,12,19,30   
1968,21,3,4,23,25,44,48   
1968,22,5,24,26,35,41,44   
1968,23,1,2,5,29,38,39   
1968,24,1,11,25,26,34,46   
1968,25,9,13,16,34,38,41   
1968,26,6,30,39,40,44,46   
1968,27,1,13,16,17,25,35   
1968,28,4,6,20,22,38,40   
1968,29,12,15,19,25,35,45   
1968,30,1,14,19,25,28,39   
1968,31,6,7,21,27,36,39   
1968,32,12,14,22,28,29,34   
1968,33,4,5,17,21,30,47   
1968,34,20,21,23,28,34,44   
1968,35,13,18,36,37,41,43   
1968,36,14,16,21,23,32,47   
1968,37,4,7,11,16,22,33   
1968,38,4,6,7,17,20,25   
1968,39,5,8,17,25,32,45   
1968,40,12,14,22,30,36,40   
1968,41,14,23,31,40,47,49   
1968,42,14,20,23,27,38,45   
1968,43,16,26,28,33,37,49   
1968,44,1,4,7,28,35,39   
1968,45,14,17,22,29,31,45   
1968,46,6,11,20,24,35,43   
1968,47,14,26,27,28,29,45   
1968,48,3,9,11,19,20,31   
1968,49,17,23,34,35,38,47   
1968,50,1,4,25,29,33,34   
1968,51,5,12,18,25,36,38   
1968,52,4,10,18,19,25,31   
1969,1,5,9,21,24,39,48   
1969,2,13,14,25,29,42,48   
1969,3,15,16,19,23,39,45   
1969,4,1,3,6,21,31,42   
1969,5,3,6,23,42,46,49   
1969,6,2,4,5,9,13,31   
1969,7,8,17,28,29,38,43   
1969,8,1,2,12,17,24,49   
1969,9,10,22,27,38,46,49   
1969,10,11,15,18,31,38,49   
1969,11,1,3,4,11,37,38   
1969,12,2,8,29,37,41,46   
1969,13,3,14,18,24,29,39   
1969,14,15,24,25,29,38,48   
1969,15,14,23,33,36,37,48   
1969,16,6,17,18,23,42,49   
1969,17,4,10,12,25,27,33   
1969,18,3,5,6,16,44,49   
1969,19,12,16,21,39,41,49   
1969,20,3,5,11,12,19,30   
1969,21,3,4,23,25,44,48   
1969,22,5,24,26,35,41,44   
1969,23,1,2,5,29,38,39   
1969,24,1,11,25,26,34,46   
1969,25,9,13,16,34,38,41   
1969,26,6,30,39,40,44,46   
1969,27,1,13,16,17,25,35   
1969,28,4,6,20,22,38,40   
1969,29,12,15,19,25,35,45   
1969,30,1,14,19,25,28,39   
1969,31,6,7,21,27,36,39   
1969,32,12,14,22,28,29,34   
1969,33,4,5,17,21,30,47   
1969,34,20,21,23,28,34,44   
1969,35,13,18,36,37,41,43   
1969,36,14,16,21,23,32,47   
1969,37,4,7,11,16,22,33   
1969,38,4,6,7,17,20,25   
1969,39,5,8,17,25,32,45   
1969,40,12,14,22,30,36,40   
1969,41,14,23,31,40,47,49   
1969,42,14,20,23,27,38,45   
1969,43,16,26,28,33,37,49   
1969,44,1,4,7,28,35,39   
1969,45,14,17,22,29,31,45   
1969,46,6,11,20,24,35,43   
1969,47,14,26,27,28,29,45   
1969,48,3,9,11,19,20,31   
1969,49,17,23,34,35,38,47   
1969,50,1,4,25,29,33,34   
1969,51,5,12,18,25,36,38   
1969,52,4,10,18,19,25,31   
1970,1,5,9,21,24,39,48   
1970,2,13,14,25,29,42,48   
1970,3,15,16,19,23,39,45   
1970,4,1,3,6,21,31,42   
1970,5,3,6,23,42,46,49   
1970,6,2,4,5,9,13,31   
1970,7,8,17,28,29,38,43   
1970,8,1,2,12,17,24,49   
1970,9,10,22,27,38,46,49   
1970,10,11,15,18,31,38,49   
1970,11,1,3,4,11,37,38   
1970,12,2,8,29,37,41,46   
1970,13,3,14,18,24,29,39   
1970,14,15,24,25,29,38,48   
1970,15,14,23,33,36,37,48   
1970,16,6,17,18,23,42,49   
1970,17,4,10,12,25,27,33   
1970,18,3,5,6,16,44,49   
1970,19,12,16,21,39,41,49   
1970,20,3,5,11,12,19,30   
1970,21,3,4,23,25,44,48   
1970,22,5,24,26,35,41,44   
1970,23,1,2,5,29,38,39   
1970,24,1,11,25,26,34,46   
1970,25,9,13,16,34,38,41   
1970,26,6,30,39,40,44,46   
1970,27,1,13,16,17,25,35   
1970,28,4,6,20,22,38,40   
1970,29,12,15,19,25,35,45   
1970,30,1,14,19,25,28,39   
1970,31,6,7,21,27,36,39   
1970,32,12,14,22,28,29,34   
1970,33,4,5,17,21,30,47   
1970,34,20,21,23,28,34,44   
1970,35,13,18,36,37,41,43   
1970,36,14,16,21,23,32,47   
1970,37,4,7,11,16,22,33   
1970,38,4,6,7,17,20,25   
1970,39,5,8,17,25,32,45   
1970,40,12,14,22,30,36,40   
1970,41,14,23,31,40,47,49   
1970,42,14,20,23,27,38,45   
1970,43,16,26,28,33,37,49   
1970,44,1,4,7,28,35,39   
1970,45,14,17,22,29,31,45   
1970,46,6,11,20,24,35,43   
1970,47,14,26,27,28,29,45   
1970,48,3,9,11,19,20,31   
1970,49,17,23,34,35,38,47   
1970,50,1,4,25,29,33,34   
1970,51,5,12,18,25,36,38   
1970,52,4,10,18,19,25,31   
1971,1,5,9,21,24,39,48   
1971,2,13,14,25,29,42,48   
1971,3,15,16,19,23,39,45   
1971,4,1,3,6,21,31,42   
1971,5,3,6,23,42,46,49   
1971,6,2,4,5,9,13,31   
1971,7,8,17,28,29,38,43   
1971,8,1,2,12,17,24,49   
1971,9,10,22,27,38,46,49   
1971,10,11,15,18,31,38,49   
1971,11,1,3,4,11,37,38   
1971,12,2,8,29,37,41,46   
1971,13,3,14,18,24,29,39   
1971,14,15,24,25,29,38,48   
1971,15,14,23,33,36,37,48   
1971,16,6,17,18,23,42,49   
1971,17,4,10,12,25,27,33   
1971,18,3,5,6,16,44,49   
1971,19,12,16,21,39,41,49   
1971,20,3,5,11,12,19,30   
1971,21,3,4,23,25,44,48   
1971,22,5,24,26,35,41,44   
1971,23,1,2,5,29,38,39   
1971,24,1,11,25,26,34,46   
1971,25,9,13,16,34,38,41   
1971,26,6,30,39,40,44,46   
1971,27,1,13,16,17,25,35   
1971,28,4,6,20,22,38,40   
1971,29,12,15,19,25,35,45   
1971,30,1,14,19,25,28,39   
1971,31,6,7,21,27,36,39   
1971,32,12,14,22,28,29,34   
1971,33,4,5,17,21,30,47   
1971,34,20,21,23,28,34,44   
1971,35,13,18,36,37,41,43   
1971,36,14,16,21,23,32,47   
1971,37,4,7,11,16,22,33   
1971,38,4,6,7,17,20,25   
1971,39,5,8,17,25,32,45   
1971,40,12,14,22,30,36,40   
1971,41,14,23,31,40,47,49   
1971,42,14,20,23,27,38,45   
1971,43,16,26,28,33,37,49   
1971,44,1,4,7,28,35,39   
1971,45,14,17,22,29,31,45   
1971,46,6,11,20,24,35,43   
1971,47,14,26,27,28,29,45   
1971,48,3,9,11,19,20,31   
1971,49,17,23,34,35,38,47   
1971,50,1,4,25,29,33,34   
1971,51,5,12,18,25,36,38   
1971,52,4,10,18,19,25,31   
1972,1,5,9,21,24,39,48   
1972,2,13,14,25,29,42,48   
1972,3,15,16,19,23,39,45   
1972,4,1,3,6,21,31,42   
1972,5,3,6,23,42,46,49   
1972,6,2,4,5,9,13,31   
1972,7,8,17,28,29,38,43   
1972,8,1,2,12,17,24,49   
1972,9,10,22,27,38,46,49   
1972,10,11,15,18,31,38,49   
1972,11,1,3,4,11,37,38   
1972,12,2,8,29,37,41,46   
1972,13,3,14,18,24,29,39   
1972,14,15,24,25,29,38,48   
1972,15,14,23,33,36,37,48   
1972,16,6,17,18,23,42,49   
1972,17,4,10,12,25,27,33   
1972,18,3,5,6,16,44,49   
1972,19,12,16,21,39,41,49   
1972,20,3,5,11,12,19,30   
1972,21,3,4,23,25,44,48   
1972,22,5,24,26,35,41,44   
1972,23,1,2,5,29,38,39   
1972,24,1,11,25,26,34,46   
1972,25,9,13,16,34,38,41   
1972,26,6,30,39,40,44,46   
1972,27,1,13,16,17,25,35   
1972,28,4,6,20,22,38,40   
1972,29,12,15,19,25,35,45   
1972,30,1,14,19,25,28,39   
1972,31,6,7,21,27,36,39   
1972,32,12,14,22,28,29,34   
1972,33,4,5,17,21,30,47   
1972,34,20,21,23,28,34,44   
1972,35,13,18,36,37,41,43   
1972,36,14,16,21,23,32,47   
1972,37,4,7,11,16,22,33   
1972,38,4,6,7,17,20,25   
1972,39,5,8,17,25,32,45   
1972,40,12,14,22,30,36,40   
1972,41,14,23,31,40,47,49   
1972,42,14,20,23,27,38,45   
1972,43,16,26,28,33,37,49   
1972,44,1,4,7,28,35,39   
1972,45,14,17,22,29,31,45   
1972,46,6,11,20,24,35,43   
1972,47,14,26,27,28,29,45   
1972,48,3,9,11,19,20,31   
1972,49,17,23,34,35,38,47   
1972,50,1,4,25,29,33,34   
1972,51,5,12,18,25,36,38   
1972,52,4,10,18,19,25,31   
1973,1,5,9,21,24,39,48   
1973,2,13,14,25,29,42,48   
1973,3,15,16,19,23,39,45   
1973,4,1,3,6,21,31,42   
1973,5,3,6,23,42,46,49   
1973,6,2,4,5,9,13,31   
1973,7,8,17,28,29,38,43   
1973,8,1,2,12,17,24,49   
1973,9,10,22,27,38,46,49   
1973,10,11,15,18,31,38,49   
1973,11,1,3,4,11,37,38   
1973,12,2,8,29,37,41,46   
1973,13,3,14,18,24,29,39   
1973,14,15,24,25,29,38,48   
1973,15,14,23,33,36,37,48   
1973,16,6,17,18,23,42,49   
1973,17,4,10,12,25,27,33   
1973,18,3,5,6,16,44,49   
1973,19,12,16,21,39,41,49   
1973,20,3,5,11,12,19,30   
1973,21,3,4,23,25,44,48   
1973,22,5,24,26,35,41,44   
1973,23,1,2,5,29,38,39   
1973,24,1,11,25,26,34,46   
1973,25,9,13,16,34,38,41   
1973,26,6,30,39,40,44,46   
1973,27,1,13,16,17,25,35   
1973,28,4,6,20,22,38,40   
1973,29,12,15,19,25,35,45   
1973,30,1,14,19,25,28,39   
1973,31,6,7,21,27,36,39   
1973,32,12,14,22,28,29,34   
1973,33,4,5,17,21,30,47   
1973,34,20,21,23,28,34,44   
1973,35,13,18,36,37,41,43   
1973,36,14,16,21,23,32,47   
1973,37,4,7,11,16,22,33   
1973,38,4,6,7,17,20,25   
1973,39,5,8,17,25,32,45   
1973,40,12,14,22,30,36,40   
1973,41,14,23,31,40,47,49   
1973,42,14,20,23,27,38,45   
1973,43,16,26,28,33,37,49   
1973,44,1,4,7,28,35,39   
1973,45,14,17,22,29,31,45   
1973,46,6,11,20,24,35,43   
1973,47,14,26,27,28,29,45   
1973,48,3,9,11,19,20,31   
1973,49,17,23,34,35,38,47   
1973,50,1,4,25,29,33,34   
1973,51,5,12,18,25,36,38   
1973,52,4,10,18,19,25,31   
1974,1,5,9,21,24,39,48   
1974,2,13,14,25,29,42,48   
1974,3,15,16,19,23,39,45   
1974,4,1,3,6,21,31,42   
1974,5,3,6,23,42,46,49   
1974,6,2,4,5,9,13,31   
1974,7,8,17,28,29,38,43   
1974,8,1,2,12,17,24,49   
1974,9,10,22,27,38,46,49   
1974,10,11,15,18,31,38,49   
1974,11,1,3,4,11,37,38   
1974,12,2,8,29,37,41,46   
1974,13,3,14,18,24,29,39   
1974,14,15,24,25,29,38,48   
1974,15,14,23,33,36,37,48   
1974,16,6,17,18,23,42,49   
1974,17,4,10,12,25,27,33   
1974,18,3,5,6,16,44,49   
1974,19,12,16,21,39,41,49   
1974,20,3,5,11,12,19,30   
1974,21,3,4,23,25,44,48   
1974,22,5,24,26,35,41,44   
1974,23,1,2,5,29,38,39   
1974,24,1,11,25,26,34,46   
1974,25,9,13,16,34,38,41   
1974,26,6,30,39,40,44,46   
1974,27,1,13,16,17,25,35   
1974,28,4,6,20,22,38,40   
1974,29,12,15,19,25,35,45   
1974,30,1,14,19,25,28,39   
1974,31,6,7,21,27,36,39   
1974,32,12,14,22,28,29,34   
1974,33,4,5,17,21,30,47   
1974,34,20,21,23,28,34,44   
1974,35,13,18,36,37,41,43   
1974,36,14,16,21,23,32,47   
1974,37,4,7,11,16,22,33   
1974,38,4,6,7,17,20,25   
1974,39,5,8,17,25,32,45   
1974,40,12,14,22,30,36,40   
1974,41,14,23,31,40,47,49   
1974,42,14,20,23,27,38,45   
1974,43,16,26,28,33,37,49   
1974,44,1,4,7,28,35,39   
1974,45,14,17,22,29,31,45   
1974,46,6,11,20,24,35,43   
1974,47,14,26,27,28,29,45   
1974,48,3,9,11,19,20,31   
1974,49,17,23,34,35,38,47   
1974,50,1,4,25,29,33,34   
1974,51,5,12,18,25,36,38   
1974,52,4,10,18,19,25,31   
1975,1,5,9,21,24,39,48   
1975,2,13,14,25,29,42,48   
1975,3,15,16,19,23,39,45   
1975,4,1,3,6,21,31,42   
1975,5,3,6,23,42,46,49   
1975,6,2,4,5,9,13,31   
1975,7,8,17,28,29,38,43   
1975,8,1,2,12,17,24,49   
1975,9,10,22,27,38,46,49   
1975,10,11,15,18,31,38,49   
1975,11,1,3,4,11,37,38   
1975,12,2,8,29,37,41,46   
1975,13,3,14,18,24,29,39   
1975,14,15,24,25,29,38,48   
1975,15,14,23,33,36,37,48   
1975,16,6,17,18,23,42,49   
1975,17,4,10,12,25,27,33   
1975,18,3,5,6,16,44,49   
1975,19,12,16,21,39,41,49   
1975,20,3,5,11,12,19,30   
1975,21,3,4,23,25,44,48   
1975,22,5,24,26,35,41,44   
1975,23,1,2,5,29,38,39   
1975,24,1,11,25,26,34,46   
1975,25,9,13,16,34,38,41   
1975,26,6,30,39,40,44,46   
1975,27,1,13,16,17,25,35   
1975,28,4,6,20,22,38,40   
1975,29,12,15,19,25,35,45   
1975,30,1,14,19,25,28,39   
1975,31,6,7,21,27,36,39   
1975,32,12,14,22,28,29,34   
1975,33,4,5,17,21,30,47   
1975,34,20,21,23,28,34,44   
1975,35,13,18,36,37,41,43   
1975,36,14,16,21,23,32,47   
1975,37,4,7,11,16,22,33   
1975,38,4,6,7,17,20,25   
1975,39,5,8,17,25,32,45   
1975,40,12,14,22,30,36,40   
1975,41,14,23,31,40,47,49   
1975,42,14,20,23,27,38,45   
1975,43,16,26,28,33,37,49   
1975,44,1,4,7,28,35,39   
1975,45,14,17,22,29,31,45   
1975,46,6,11,20,24,35,43   
1975,47,14,26,27,28,29,45   
1975,48,3,9,11,19,20,31   
1975,49,17,23,34,35,38,47   
1975,50,1,4,25,29,33,34   
1975,51,5,12,18,25,36,38   
1975,52,4,10,18,19,25,31   
1976,1,5,9,21,24,39,48   
1976,2,13,14,25,29,42,48   
1976,3,15,16,19,23,39,45   
1976,4,1,3,6,21,31,42   
1976,5,3,6,23,42,46,49   
1976,6,2,4,5,9,13,31   
1976,7,8,17,28,29,38,43   
1976,8,1,2,12,17,24,49   
1976,9,10,22,27,38,46,49   
1976,10,11,15,18,31,38,49   
1976,11,1,3,4,11,37,38   
1976,12,2,8,29,37,41,46   
1976,13,3,14,18,24,29,39   
1976,14,15,24,25,29,38,48   
1976,15,14,23,33,36,37,48   
1976,16,6,17,18,23,42,49   
1976,17,4,10,12,25,27,33   
1976,18,3,5,6,16,44,49   
1976,19,12,16,21,39,41,49   
1976,20,3,5,11,12,19,30   
1976,21,3,4,23,25,44,48   
1976,22,5,24,26,35,41,44   
1976,23,1,2,5,29,38,39   
1976,24,1,11,25,26,34,46   
1976,25,9,13,16,34,38,41   
1976,26,6,30,39,40,44,46   
1976,27,1,13,16,17,25,35   
1976,28,4,6,20,22,38,40   
1976,29,12,15,19,25,35,45   
1976,30,1,14,19,25,28,39   
1976,31,6,7,21,27,36,39   
1976,32,12,14,22,28,29,34   
1976,33,4,5,17,21,30,47   
1976,34,20,21,23,28,34,44   
1976,35,13,18,36,37,41,43   
1976,36,14,16,21,23,32,47   
1976,37,4,7,11,16,22,33   
1976,38,4,6,7,17,20,25   
1976,39,5,8,17,25,32,45   
1976,40,12,14,22,30,36,40   
1976,41,14,23,31,40,47,49   
1976,42,14,20,23,27,38,45   
1976,43,16,26,28,33,37,49   
1976,44,1,4,7,28,35,39   
1976,45,14,17,22,29,31,45   
1976,46,6,11,20,24,35,43   
1976,47,14,26,27,28,29,45   
1976,48,3,9,11,19,20,31   
1976,49,17,23,34,35,38,47   
1976,50,1,4,25,29,33,34   
1976,51,5,12,18,25,36,38   
1976,52,4,10,18,19,25,31   
1977,1,5,9,21,24,39,48   
1977,2,13,14,25,29,42,48   
1977,3,15,16,19,23,39,45   
1977,4,1,3,6,21,31,42   
1977,5,3,6,23,42,46,49   
1977,6,2,4,5,9,13,31   
1977,7,8,17,28,29,38,43   
1977,8,1,2,12,17,24,49   
1977,9,10,22,27,38,46,49   
1977,10,11,15,18,31,38,49   
1977,11,1,3,4,11,37,38   
1977,12,2,8,29,37,41,46   
1977,13,3,14,18,24,29,39   
1977,14,15,24,25,29,38,48   
1977,15,14,23,33,36,37,48   
1977,16,6,17,18,23,42,49   
1977,17,4,10,12,25,27,33   
1977,18,3,5,6,16,44,49   
1977,19,12,16,21,39,41,49   
1977,20,3,5,11,12,19,30   
1977,21,3,4,23,25,44,48   
1977,22,5,24,26,35,41,44   
1977,23,1,2,5,29,38,39   
1977,24,1,11,25,26,34,46   
1977,25,9,13,16,34,38,41   
1977,26,6,30,39,40,44,46   
1977,27,1,13,16,17,25,35   
1977,28,4,6,20,22,38,40   
1977,29,12,15,19,25,35,45   
1977,30,1,14,19,25,28,39   
1977,31,6,7,21,27,36,39   
1977,32,12,14,22,28,29,34   
1977,33,4,5,17,21,30,47   
1977,34,20,21,23,28,34,44   
1977,35,13,18,36,37,41,43   
1977,36,14,16,21,23,32,47   
1977,37,4,7,11,16,22,33   
1977,38,4,6,7,17,20,25   
1977,39,5,8,17,25,32,45   
1977,40,12,14,22,30,36,40   
1977,41,14,23,31,40,47,49   
1977,42,14,20,23,27,38,45   
1977,43,16,26,28,33,37,49   
1977,44,1,4,7,28,35,39   
1977,45,14,17,22,29,31,45   
1977,46,6,11,20,24,35,43   
1977,47,14,26,27,28,29,45   
1977,48,3,9,11,19,20,31   
1977,49,17,23,34,35,38,47   
1977,50,1,4,25,29,33,34   
1977,51,5,12,18,25,36,38   
1977,52,4,10,18,19,25,31   
1978,1,5,9,21,24,39,48   
1978,2,13,14,25,29,42,48   
1978,3,15,16,19,23,39,45   
1978,4,1,3,6,21,31,42   
1978,5,3,6,23,42,46,49   
1978,6,2,4,5,9,13,31   
1978,7,8,17,28,29,38,43   
1978,8,1,2,12,17,24,49   
1978,9,10,22,27,38,46,49   
1978,10,11,15,18,31,38,49   
1978,11,1,3,4,11,37,38   
1978,12,2,8,29,37,41,46   
1978,13,3,14,18,24,29,39   
1978,14,15,24,25,29,38,48   
1978,15,14,23,33,36,37,48   
1978,16,6,17,18,23,42,49   
1978,17,4,10,12,25,27,33   
1978,18,3,5,6,16,44,49   
1978,19,12,16,21,39,41,49   
1978,20,3,5,11,12,19,30   
1978,21,3,4,23,25,44,48   
1978,22,5,24,26,35,41,44   
1978,23,1,2,5,29,38,39   
1978,24,1,11,25,26,34,46   
1978,25,9,13,16,34,38,41   
1978,26,6,30,39,40,44,46   
1978,27,1,13,16,17,25,35   
1978,28,4,6,20,22,38,40   
1978,29,12,15,19,25,35,45   
1978,30,1,14,19,25,28,39   
1978,31,6,7,21,27,36,39   
1978,32,12,14,22,28,29,34   
1978,33,4,5,17,21,30,47   
1978,34,20,21,23,28,34,44   
1978,35,13,18,36,37,41,43   
1978,36,14,16,21,23,32,47   
1978,37,4,7,11,16,22,33   
1978,38,4,6,7,17,20,25   
1978,39,5,8,17,25,32,45   
1978,40,12,14,22,30,36,40   
1978,41,14,23,31,40,47,49   
1978,42,14,20,23,27,38,45   
1978,43,16,26,28,33,37,49   
1978,44,1,4,7,28,35,39   
1978,45,14,17,22,29,31,45   
1978,46,6,11,20,24,35,43   
1978,47,14,26,27,28,29,45   
1978,48,3,9,11,19,20,31   
1978,49,17,23,34,35,38,47   
1978,50,1,4,25,29,33,34   
1978,51,5,12,18,25,36,38   
1978,52,4,10,18,19,25,31   
1979,1,5,9,21,24,39,48   
1979,2,13,14,25,29,42,48   
1979,3,15,16,19,23,39,45   
1979,4,1,3,6,21,31,42   
1979,5,3,6,23,42,46,49   
1979,6,2,4,5,9,13,31   
1979,7,8,17,28,29,38,43   
1979,8,1,2,12,17,24,49   
1979,9,10,22,27,38,46,49   
1979,10,11,15,18,31,38,49   
1979,11,1,3,4,11,37,38   
1979,12,2,8,29,37,41,46   
1979,13,3,14,18,24,29,39   
1979,14,15,24,25,29,38,48   
1979,15,14,23,33,36,37,48   
1979,16,6,17,18,23,42,49   
1979,17,4,10,12,25,27,33   
1979,18,3,5,6,16,44,49   
1979,19,12,16,21,39,41,49   
1979,20,3,5,11,12,19,30   
1979,21,3,4,23,25,44,48   
1979,22,5,24,26,35,41,44   
1979,23,1,2,5,29,38,39   
1979,24,1,11,25,26,34,46   
1979,25,9,13,16,34,38,41   
1979,26,6,30,39,40,44,46   
1979,27,1,13,16,17,25,35   
1979,28,4,6,20,22,38,40   
1979,29,12,15,19,25,35,45   
1979,30,1,14,19,25,28,39   
1979,31,6,7,21,27,36,39   
1979,32,12,14,22,28,29,34   
1979,33,4,5,17,21,30,47   
1979,34,20,21,23,28,34,44   
1979,35,13,18,36,37,41,43   
1979,36,14,16,21,23,32,47   
1979,37,4,7,11,16,22,33   
1979,38,4,6,7,17,20,25   
1979,39,5,8,17,25,32,45   
1979,40,12,14,22,30,36,40   
1979,41,14,23,31,40,47,49   
1979,42,14,20,23,27,38,45   
1979,43,16,26,28,33,37,49   
1979,44,1,4,7,28,35,39   
1979,45,14,17,22,29,31,45   
1979,46,6,11,20,24,35,43   
1979,47,14,26,27,28,29,45   
1979,48,3,9,11,19,20,31   
1979,49,17,23,34,35,38,47   
1979,50,1,4,25,29,33,34   
1979,51,5,12,18,25,36,38   
1979,52,4,10,18,19,25,31   
1980,1,5,9,21,24,39,48   
1980,2,13,14,25,29,42,48   
1980,3,15,16,19,23,39,45   
1980,4,1,3,6,21,31,42   
1980,5,3,6,23,42,46,49   
1980,6,2,4,5,9,13,31   
1980,7,8,17,28,29,38,43   
1980,8,1,2,12,17,24,49   
1980,9,10,22,27,38,46,49   
1980,10,11,15,18,31,38,49   
1980,11,1,3,4,11,37,38   
1980,12,2,8,29,37,41,46   
1980,13,3,14,18,24,29,39   
1980,14,15,24,25,29,38,48   
1980,15,14,23,33,36,37,48   
1980,16,6,17,18,23,42,49   
1980,17,4,10,12,25,27,33   
1980,18,3,5,6,16,44,49   
1980,19,12,16,21,39,41,49   
1980,20,3,5,11,12,19,30   
1980,21,3,4,23,25,44,48   
1980,22,5,24,26,35,41,44   
1980,23,1,2,5,29,38,39   
1980,24,1,11,25,26,34,46   
1980,25,9,13,16,34,38,41   
1980,26,6,30,39,40,44,46   
1980,27,1,13,16,17,25,35   
1980,28,4,6,20,22,38,40   
1980,29,12,15,19,25,35,45   
1980,30,1,14,19,25,28,39   
1980,31,6,7,21,27,36,39   
1980,32,12,14,22,28,29,34   
1980,33,4,5,17,21,30,47   
1980,34,20,21,23,28,34,44   
1980,35,13,18,36,37,41,43   
1980,36,14,16,21,23,32,47   
1980,37,4,7,11,16,22,33   
1980,38,4,6,7,17,20,25   
1980,39,5,8,17,25,32,45   
1980,40,12,14,22,30,36,40   
1980,41,14,23,31,40,47,49   
1980,42,14,20,23,27,38,45   
1980,43,16,26,28,33,37,49   
1980,44,1,4,7,28,35,39   
1980,45,14,17,22,29,31,45   
1980,46,6,11,20,24,35,43   
1980,47,14,26,27,28,29,45   
1980,48,3,9,11,19,20,31   
1980,49,17,23,34,35,38,47   
1980,50,1,4,25,29,33,34   
1980,51,5,12,18,25,36,38   
1980,52,4,10,18,19,25,31   
1981,1,5,9,21,24,39,48   
1981,2,13,14,25,29,42,48   
1981,3,15,16,19,23,39,45   
1981,4,1,3,6,21,31,42   
1981,5,3,6,23,42,46,49   
1981,6,2,4,5,9,13,31   
1981,7,8,17,28,29,38,43   
1981,8,1,2,12,17,24,49   
1981,9,10,22,27,38,46,49   
1981,10,11,15,18,31,38,49   
1981,11,1,3,4,11,37,38   
1981,12,2,8,29,37,41,46   
1981,13,3,14,18,24,29,39   
1981,14,15,24,25,29,38,48   
1981,15,14,23,33,36,37,48   
1981,16,6,17,18,23,42,49   
1981,17,4,10,12,25,27,33   
1981,18,3,5,6,16,44,49   
1981,19,12,16,21,39,41,49   
1981,20,3,5,11,12,19,30   
1981,21,3,4,23,25,44,48   
1981,22,5,24,26,35,41,44   
1981,23,1,2,5,29,38,39   
1981,24,1,11,25,26,34,46   
1981,25,9,13,16,34,38,41   
1981,26,6,30,39,40,44,46   
1981,27,1,13,16,17,25,35   
1981,28,4,6,20,22,38,40   
1981,29,12,15,19,25,35,45   
1981,30,1,14,19,25,28,39   
1981,31,6,7,21,27,36,39   
1981,32,12,14,22,28,29,34   
1981,33,4,5,17,21,30,47   
1981,34,20,21,23,28,34,44   
1981,35,13,18,36,37,41,43   
1981,36,14,16,21,23,32,47   
1981,37,4,7,11,16,22,33   
1981,38,4,6,7,17,20,25   
1981,39,5,8,17,25,32,45   
1981,40,12,14,22,30,36,40   
1981,41,14,23,31,40,47,49   
1981,42,14,20,23,27,38,45   
1981,43,16,26,28,33,37,49   
1981,44,1,4,7,28,35,39   
1981,45,14,17,22,29,31,45   
1981,46,6,11,20,24,35,43   
1981,47,14,26,27,28,29,45   
1981,48,3,9,11,19,20,31   
1981,49,17,23,34,35,38,47   
1981,50,1,4,25,29,33,34   
1981,51,5,12,18,25,36,38   
1981,52,4,10,18,19,25,31   
1982,1,5,9,21,24,39,48   
1982,2,13,14,25,29,42,48   
1982,3,15,16,19,23,39,45   
1982,4,1,3,6,21,31,42   
1982,5,3,6,23,42,46,49   
1982,6,2,4,5,9,13,31   
1982,7,8,17,28,29,38,43   
1982,8,1,2,12,17,24,49   
1982,9,10,22,27,38,46,49   
1982,10,11,15,18,31,38,49   
1982,11,1,3,4,11,37,38   
1982,12,2,8,29,37,41,46   
1982,13,3,14,18,24,29,39   
1982,14,15,24,25,29,38,48   
1982,15,14,23,33,36,37,48   
1982,16,6,17,18,23,42,49   
1982,17,4,10,12,25,27,33   
1982,18,3,5,6,16,44,49   
1982,19,12,16,21,39,41,49   
1982,20,3,5,11,12,19,30   
1982,21,3,4,23,25,44,48   
1982,22,5,24,26,35,41,44   
1982,23,1,2,5,29,38,39   
1982,24,1,11,25,26,34,46   
1982,25,9,13,16,34,38,41   
1982,26,6,30,39,40,44,46   
1982,27,1,13,16,17,25,35   
1982,28,4,6,20,22,38,40   
1982,29,12,15,19,25,35,45   
1982,30,1,14,19,25,28,39   
1982,31,6,7,21,27,36,39   
1982,32,12,14,22,28,29,34   
1982,33,4,5,17,21,30,47   
1982,34,20,21,23,28,34,44   
1982,35,13,18,36,37,41,43   
1982,36,14,16,21,23,32,47   
1982,37,4,7,11,16,22,33   
1982,38,4,6,7,17,20,25   
1982,39,5,8,17,25,32,45   
1982,40,12,14,22,30,36,40   
1982,41,14,23,31,40,47,49   
1982,42,14,20,23,27,38,45   
1982,43,16,26,28,33,37,49   
1982,44,1,4,7,28,35,39   
1982,45,14,17,22,29,31,45   
1982,46,6,11,20,24,35,43   
1982,47,14,26,27,28,29,45   
1982,48,3,9,11,19,20,31   
1982,49,17,23,34,35,38,47   
1982,50,1,4,25,29,33,34   
1982,51,5,12,18,25,36,38   
1982,52,4,10,18,19,25,31   
1983,1,5,9,21,24,39,48   
1983,2,13,14,25,29,42,48   
1983,3,15,16,19,23,39,45   
1983,4,1,3,6,21,31,42   
1983,5,3,6,23,42,46,49   
1983,6,2,4,5,9,13,31   
1983,7,8,17,28,29,38,43   
1983,8,1,2,12,17,24,49   
1983,9,10,22,27,38,46,49   
1983,10,11,15,18,31,38,49   
1983,11,1,3,4,11,37,38   
1983,12,2,8,29,37,41,46   
1983,13,3,14,18,24,29,39   
1983,14,15,24,25,29,38,48   
1983,15,14,23,33,36,37,48   
1983,16,6,17,18,23,42,49   
1983,17,4,10,12,25,27,33   
1983,18,3,5,6,16,44,49   
1983,19,12,16,21,39,41,49   
1983,20,3,5,11,12,19,30   
1983,21,3,4,23,25,44,48   
1983,22,5,24,26,35,41,44   
1983,23,1,2,5,29,38,39   
1983,24,1,11,25,26,34,46   
1983,25,9,13,16,34,38,41   
1983,26,6,30,39,40,44,46   
1983,27,1,13,16,17,25,35   
1983,28,4,6,20,22,38,40   
1983,29,12,15,19,25,35,45   
1983,30,1,14,19,25,28,39   
1983,31,6,7,21,27,36,39   
1983,32,12,14,22,28,29,34   
1983,33,4,5,17,21,30,47   
1983,34,20,21,23,28,34,44   
1983,35,13,18,36,37,41,43   
1983,36,14,16,21,23,32,47   
1983,37,4,7,11,16,22,33   
1983,38,4,6,7,17,20,25   
1983,39,5,8,17,25,32,45   
1983,40,12,14,22,30,36,40   
1983,41,14,23,31,40,47,49   
1983,42,14,20,23,27,38,45   
1983,43,16,26,28,33,37,49   
1983,44,1,4,7,28,35,39   
1983,45,14,17,22,29,31,45   
1983,46,6,11,20,24,35,43   
1983,47,14,26,27,28,29,45   
1983,48,3,9,11,19,20,31   
1983,49,17,23,34,35,38,47   
1983,50,1,4,25,29,33,34   
1983,51,5,12,18,25,36,38   
1983,52,4,10,18,19,25,31   
1984,1,5,9,21,24,39,48   
1984,2,13,14,25,29,42,48   
1984,3,15,16,19,23,39,45   
1984,4,1,3,6,21,31,42   
1984,5,3,6,23,42,46,49   
1984,6,2,4,5,9,13,31   
1984,7,8,17,28,29,38,43   
1984,8,1,2,12,17,24,49   
1984,9,10,22,27,38,46,49   
1984,10,11,15,18,31,38,49   
1984,11,1,3,4,11,37,38   
1984,12,2,8,29,37,41,46   
1984,13,3,14,18,24,29,39   
1984,14,15,24,25,29,38,48   
1984,15,14,23,33,36,37,48   
1984,16,6,17,18,23,42,49   
1984,17,4,10,12,25,27,33   
1984,18,3,5,6,16,44,49   
1984,19,12,16,21,39,41,49   
1984,20,3,5,11,12,19,30   
1984,21,3,4,23,25,44,48   
1984,22,5,24,26,35,41,44   
1984,23,1,2,5,29,38,39   
1984,24,1,11,25,26,34,46   
1984,25,9,13,16,34,38,41   
1984,26,6,30,39,40,44,46   
1984,27,1,13,16,17,25,35   
1984,28,4,6,20,22,38,40   
1984,29,12,15,19,25,35,45   
1984,30,1,14,19,25,28,39   
1984,31,6,7,21,27,36,39   
1984,32,12,14,22,28,29,34   
1984,33,4,5,17,21,30,47   
1984,34,20,21,23,28,34,44   
1984,35,13,18,36,37,41,43   
1984,36,14,16,21,23,32,47   
1984,37,4,7,11,16,22,33   
1984,38,4,6,7,17,20,25   
1984,39,5,8,17,25,32,45   
1984,40,12,14,22,30,36,40   
1984,41,14,23,31,40,47,49   
1984,42,14,20,23,27,38,45   
1984,43,16,26,28,33,37,49   
1984,44,1,4,7,28,35,39   
1984,45,14,17,22,29,31,45   
1984,46,6,11,20,24,35,43   
1984,47,14,26,27,28,29,45   
1984,48,3,9,11,19,20,31   
1984,49,17,23,34,35,38,47   
1984,50,1,4,25,29,33,34   
1984,51,5,12,18,25,36,38   
1984,52,4,10,18,19,25,31   
1985,1,5,9,21,24,39,48   
1985,2,13,14,25,29,42,48   
1985,3,15,16,19,23,39,45   
1985,4,1,3,6,21,31,42   
1985,5,3,6,23,42,46,49   
1985,6,2,4,5,9,13,31   
1985,7,8,17,28,29,38,43   
1985,8,1,2,12,17,24,49   
1985,9,10,22,27,38,46,49   
1985,10,11,15,18,31,38,49   
1985,11,1,3,4,11,37,38   
1985,12,2,8,29,37,41,46   
1985,13,3,14,18,24,29,39   
1985,14,15,24,25,29,38,48   
1985,15,14,23,33,36,37,48   
1985,16,6,17,18,23,42,49   
1985,17,4,10,12,25,27,33   
1985,18,3,5,6,16,44,49   
1985,19,12,16,21,39,41,49   
1985,20,3,5,11,12,19,30   
1985,21,3,4,23,25,44,48   
1985,22,5,24,26,35,41,44   
1985,23,1,2,5,29,38,39   
1985,24,1,11,25,26,34,46   
1985,25,9,13,16,34,38,41   
1985,26,6,30,39,40,44,46   
1985,27,1,13,16,17,25,35   
1985,28,4,6,20,22,38,40   
1985,29,12,15,19,25,35,45   
1985,30,1,14,19,25,28,39   
1985,31,6,7,21,27,36,39   
1985,32,12,14,22,28,29,34   
1985,33,4,5,17,21,30,47   
1985,34,20,21,23,28,34,44   
1985,35,13,18,36,37,41,43   
1985,36,14,16,21,23,32,47   
1985,37,4,7,11,16,22,33   
1985,38,4,6,7,17,20,25   
1985,39,5,8,17,25,32,45   
1985,40,12,14,22,30,36,40   
1985,41,14,23,31,40,47,49   
1985,42,14,20,23,27,38,45   
1985,43,16,26,28,33,37,49   
1985,44,1,4,7,28,35,39   
1985,45,14,17,22,29,31,45   
1985,46,6,11,20,24,35,43   
1985,47,14,26,27,28,29,45   
1985,48,3,9,11,19,20,31   
1985,49,17,23,34,35,38,47   
1985,50,1,4,25,29,33,34   
1985,51,5,12,18,25,36,38   
1985,52,4,10,18,19,25,31   
1986,1,5,9,21,24,39,48   
1986,2,13,14,25,29,42,48   
1986,3,15,16,19,23,39,45   
1986,4,1,3,6,21,31,42   
1986,5,3,6,23,42,46,49   
1986,6,2,4,5,9,13,31   
1986,7,8,17,28,29,38,43   
1986,8,1,2,12,17,24,49   
1986,9,10,22,27,38,46,49   
1986,10,11,15,18,31,38,49   
1986,11,1,3,4,11,37,38   
1986,12,2,8,29,37,41,46   
1986,13,3,14,18,24,29,39   
1986,14,15,24,25,29,38,48   
1986,15,14,23,33,36,37,48   
1986,16,6,17,18,23,42,49   
1986,17,4,10,12,25,27,33   
1986,18,3,5,6,16,44,49   
1986,19,12,16,21,39,41,49   
1986,20,3,5,11,12,19,30   
1986,21,3,4,23,25,44,48   
1986,22,5,24,26,35,41,44   
1986,23,1,2,5,29,38,39   
1986,24,1,11,25,26,34,46   
1986,25,9,13,16,34,38,41   
1986,26,6,30,39,40,44,46   
1986,27,1,13,16,17,25,35   
1986,28,4,6,20,22,38,40   
1986,29,12,15,19,25,35,45   
1986,30,1,14,19,25,28,39   
1986,31,6,7,21,27,36,39   
1986,32,12,14,22,28,29,34   
1986,33,4,5,17,21,30,47   
1986,34,20,21,23,28,34,44   
1986,35,13,18,36,37,41,43   
1986,36,14,16,21,23,32,47   
1986,37,4,7,11,16,22,33   
1986,38,4,6,7,17,20,25   
1986,39,5,8,17,25,32,45   
1986,40,12,14,22,30,36,40   
1986,41,14,23,31,40,47,49   
1986,42,14,20,23,27,38,45   
1986,43,16,26,28,33,37,49   
1986,44,1,4,7,28,35,39   
1986,45,14,17,22,29,31,45   
1986,46,6,11,20,24,35,43   
1986,47,14,26,27,28,29,45   
1986,48,3,9,11,19,20,31   
1986,49,17,23,34,35,38,47   
1986,50,1,4,25,29,33,34   
1986,51,5,12,18,25,36,38   
1986,52,4,10,18,19,25,31   
1987,1,5,9,21,24,39,48   
1987,2,13,14,25,29,42,48   
1987,3,15,16,19,23,39,45   
1987,4,1,3,6,21,31,42   
1987,5,3,6,23,42,46,49   
1987,6,2,4,5,9,13,31   
1987,7,8,17,28,29,38,43   
1987,8,1,2,12,17,24,49   
1987,9,10,22,27,38,46,49   
1987,10,11,15,18,31,38,49   
1987,11,1,3,4,11,37,38   
1987,12,2,8,29,37,41,46   
1987,13,3,14,18,24,29,39   
1987,14,15,24,25,29,38,48   
1987,15,14,23,33,36,37,48   
1987,16,6,17,18,23,42,49   
1987,17,4,10,12,25,27,33   
1987,18,3,5,6,16,44,49   
1987,19,12,16,21,39,41,49   
1987,20,3,5,11,12,19,30   
1987,21,3,4,23,25,44,48   
1987,22,5,24,26,35,41,44   
1987,23,1,2,5,29,38,39   
1987,24,1,11,25,26,34,46   
1987,25,9,13,16,34,38,41   
1987,26,6,30,39,40,44,46   
1987,27,1,13,16,17,25,35   
1987,28,4,6,20,22,38,40   
1987,29,12,15,19,25,35,45   
1987,30,1,14,19,25,28,39   
1987,31,6,7,21,27,36,39   
1987,32,12,14,22,28,29,34   
1987,33,4,5,17,21,30,47   
1987,34,20,21,23,28,34,44   
1987,35,13,18,36,37,41,43   
1987,36,14,16,21,23,32,47   
1987,37,4,7,11,16,22,33   
1987,38,4,6,7,17,20,25   
1987,39,5,8,17,25,32,45   
1987,40,12,14,22,30,36,40   
1987,41,14,23,31,40,47,49   
1987,42,14,20,23,27,38,45   
1987,43,16,26,28,33,37,49   
1987,44,1,4,7,28,35,39   
1987,45,14,17,22,29,31,45   
1987,46,6,11,20,24,35,43   
1987,47,14,26,27,28,29,45   
1987,48,3,9,11,19,20,31   
1987,49,17,23,34,35,38,47   
1987,50,1,4,25,29,33,34   
1987,51,5,12,18,25,36,38   
1987,52,4,10,18,19,25,31   
1988,1,5,9,21,24,39,48   
1988,2,13,14,25,29,42,48   
1988,3,15,16,19,23,39,45   
1988,4,1,3,6,21,31,42   
1988,5,3,6,23,42,46,49   
1988,6,2,4,5,9,13,31   
1988,7,8,17,28,29,38,43   
1988,8,1,2,12,17,24,49   
1988,9,10,22,27,38,46,49   
1988,10,11,15,18,31,38,49   
1988,11,1,3,4,11,37,38   
1988,12,2,8,29,37,41,46   
1988,13,3,14,18,24,29,39   
1988,14,15,24,25,29,38,48   
1988,15,14,23,33,36,37,48   
1988,16,6,17,18,23,42,49   
1988,17,4,10,12,25,27,33   
1988,18,3,5,6,16,44,49   
1988,19,12,16,21,39,41,49   
1988,20,3,5,11,12,19,30   
1988,21,3,4,23,25,44,48   
1988,22,5,24,26,35,41,44   
1988,23,1,2,5,29,38,39   
1988,24,1,11,25,26,34,46   
1988,25,9,13,16,34,38,41   
1988,26,6,30,39,40,44,46   
1988,27,1,13,16,17,25,35   
1988,28,4,6,20,22,38,40   
1988,29,12,15,19,25,35,45   
1988,30,1,14,19,25,28,39   
1988,31,6,7,21,27,36,39   
1988,32,12,14,22,28,29,34   
1988,33,4,5,17,21,30,47   
1988,34,20,21,23,28,34,44   
1988,35,13,18,36,37,41,43   
1988,36,14,16,21,23,32,47   
1988,37,4,7,11,16,22,33   
1988,38,4,6,7,17,20,25   
1988,39,5,8,17,25,32,45   
1988,40,12,14,22,30,36,40   
1988,41,14,23,31,40,47,49   
1988,42,14,20,23,27,38,45   
1988,43,16,26,28,33,37,49   
1988,44,1,4,7,28,35,39   
1988,45,14,17,22,29,31,45   
1988,46,6,11,20,24,35,43   
1988,47,14,26,27,28,29,45   
1988,48,3,9,11,19,20,31   
1988,49,17,23,34,35,38,47   
1988,50,1,4,25,29,33,34   
1988,51,5,12,18,25,36,38   
1988,52,4,10,18,19,25,31   
1989,1,5,9,21,24,39,48   
1989,2,13,14,25,29,42,48   
1989,3,15,16,19,23,39,45   
1989,4,1,3,6,21,31,42   
1989,5,3,6,23,42,46,49   
1989,6,2,4,5,9,13,31   
1989,7,8,17,28,29,38,43   
1989,8,1,2,12,17,24,49   
1989,9,10,22,27,38,46,49   
1989,10,11,15,18,31,38,49   
1989,11,1,3,4,11,37,38   
1989,12,2,8,29,37,41,46   
1989,13,3,14,18,24,29,39   
1989,14,15,24,25,29,38,48   
1989,15,14,23,33,36,37,48   
1989,16,6,17,18,23,42,49   
1989,17,4,10,12,25,27,33   
1989,18,3,5,6,16,44,49   
1989,19,12,16,21,39,41,49   
1989,20,3,5,11,12,19,30   
1989,21,3,4,23,25,44,48   
1989,22,5,24,26,35,41,44   
1989,23,1,2,5,29,38,39   
1989,24,1,11,25,26,34,46   
1989,25,9,13,16,34,38,41   
1989,26,6,30,39,40,44,46   
1989,27,1,13,16,17,25,35   
1989,28,4,6,20,22,38,40   
1989,29,12,15,19,25,35,45   
1989,30,1,14,19,25,28,39   
1989,31,6,7,21,27,36,39   
1989,32,12,14,22,28,29,34   
1989,33,4,5,17,21,30,47   
1989,34,20,21,23,28,34,44   
1989,35,13,18,36,37,41,43   
1989,36,14,16,21,23,32,47   
1989,37,4,7,11,16,22,33   
1989,38,4,6,7,17,20,25   
1989,39,5,8,17,25,32,45   
1989,40,12,14,22,30,36,40   
1989,41,14,23,31,40,47,49   
1989,42,14,20,23,27,38,45   
1989,43,16,26,28,33,37,49   
1989,44,1,4,7,28,35,39   
1989,45,14,17,22,29,31,45   
1989,46,6,11,20,24,35,43   
1989,47,14,26,27,28,29,45   
1989,48,3,9,11,19,20,31   
1989,49,17,23,34,35,38,47   
1989,50,1,4,25,29,33,34   
1989,51,5,12,18,25,36,38   
1989,52,4,10,18,19,25,31   
1990,1,5,9,21,24,39,48   
1990,2,13,14,25,29,42,48   
1990,3,15,16,19,23,39,45   
1990,4,1,3,6,21,31,42   
1990,5,3,6,23,42,46,49   
1990,6,2,4,5,9,13,31   
1990,7,8,17,28,29,38,43   
1990,8,1,2,12,17,24,49   
1990,9,10,22,27,38,46,49   
1990,10,11,15,18,31,38,49   
1990,11,1,3,4,11,37,38   
1990,12,2,8,29,37,41,46   
1990,13,3,14,18,24,29,39   
1990,14,15,24,25,29,38,48   
1990,15,14,23,33,36,37,48   
1990,16,6,17,18,23,42,49   
1990,17,4,10,12,25,27,33   
1990,18,3,5,6,16,44,49   
1990,19,12,16,21,39,41,49   
1990,20,3,5,11,12,19,30   
1990,21,3,4,23,25,44,48   
1990,22,5,24,26,35,41,44   
1990,23,1,2,5,29,38,39   
1990,24,1,11,25,26,34,46   
1990,25,9,13,16,34,38,41   
1990,26,6,30,39,40,44,46   
1990,27,1,13,16,17,25,35   
1990,28,4,6,20,22,38,40   
1990,29,12,15,19,25,35,45   
1990,30,1,14,19,25,28,39   
1990,31,6,7,21,27,36,39   
1990,32,12,14,22,28,29,34   
1990,33,4,5,17,21,30,47   
1990,34,20,21,23,28,34,44   
1990,35,13,18,36,37,41,43   
1990,36,14,16,21,23,32,47   
1990,37,4,7,11,16,22,33   
1990,38,4,6,7,17,20,25   
1990,39,5,8,17,25,32,45   
1990,40,12,14,22,30,36,40   
1990,41,14,23,31,40,47,49   
1990,42,14,20,23,27,38,45   
1990,43,16,26,28,33,37,49   
1990,44,1,4,7,28,35,39   
1990,45,14,17,22,29,31,45   
1990,46,6,11,20,24,35,43   
1990,47,14,26,27,28,29,45   
1990,48,3,9,11,19,20,31   
1990,49,17,23,34,35,38,47   
1990,50,1,4,25,29,33,34   
1990,51,5,12,18,25,36,38   
1990,52,4,10,18,19,25,31   
1991,1,5,9,21,24,39,48   
1991,2,13,14,25,29,42,48   
1991,3,15,16,19,23,39,45   
1991,4,1,3,6,21,31,42   
1991,5,3,6,23,42,46,49   
1991,6,2,4,5,9,13,31   
1991,7,8,17,28,29,38,43   
1991,8,1,2,12,17,24,49   
1991,9,10,22,27,38,46,49   
1991,10,11,15,18,31,38,49   
1991,11,1,3,4,11,37,38   
1991,12,2,8,29,37,41,46   
1991,13,3,14,18,24,29,39   
1991,14,15,24,25,29,38,48   
1991,15,14,23,33,36,37,48   
1991,16,6,17,18,23,42,49   
1991,17,4,10,12,25,27,33   
1991,18,3,5,6,16,44,49   
1991,19,12,16,21,39,41,49   
1991,20,3,5,11,12,19,30   
1991,21,3,4,23,25,44,48   
1991,22,5,24,26,35,41,44   
1991,23,1,2,5,29,38,39   
1991,24,1,11,25,26,34,46   
1991,25,9,13,16,34,38,41   
1991,26,6,30,39,40,44,46   
1991,27,1,13,16,17,25,35   
1991,28,4,6,20,22,38,40   
1991,29,12,15,19,25,35,45   
1991,30,1,14,19,25,28,39   
1991,31,6,7,21,27,36,39   
1991,32,12,14,22,28,29,34   
1991,33,4,5,17,21,30,47   
1991,34,20,21,23,28,34,44   
1991,35,13,18,36,37,41,43   
1991,36,14,16,21,23,32,47   
1991,37,4,7,11,16,22,33   
1991,38,4,6,7,17,20,25   
1991,39,5,8,17,25,32,45   
1991,40,12,14,22,30,36,40   
1991,41,14,23,31,40,47,49   
1991,42,14,20,23,27,38,45   
1991,43,16,26,28,33,37,49   
1991,44,1,4,7,28,35,39   
1991,45,14,17,22,29,31,45   
1991,46,6,11,20,24,35,43   
1991,47,14,26,27,28,29,45   
1991,48,3,9,11,19,20,31   
1991,49,17,23,34,35,38,47   
1991,50,1,4,25,29,33,34   
1991,51,5,12,18,25,36,38   
1991,52,4,10,18,19,25,31   
1992,1,5,9,21,24,39,48   
1992,2,13,14,25,29,42,48   
1992,3,15,16,19,23,39,45   
1992,4,1,3,6,21,31,42   
1992,5,3,6,23,42,46,49   
1992,6,2,4,5,9,13,31   
1992,7,8,17,28,29,38,43   
1992,8,1,2,12,17,24,49   
1992,9,10,22,27,38,46,49   
1992,10,11,15,18,31,38,49   
1992,11,1,3,4,11,37,38   
1992,12,2,8,29,37,41,46   
1992,13,3,14,18,24,29,39   
1992,14,15,24,25,29,38,48   
1992,15,14,23,33,36,37,48   
1992,16,6,17,18,23,42,49   
1992,17,4,10,12,25,27,33   
1992,18,3,5,6,16,44,49   
1992,19,12,16,21,39,41,49   
1992,20,3,5,11,12,19,30   
1992,21,3,4,23,25,44,48   
1992,22,5,24,26,35,41,44   
1992,23,1,2,5,29,38,39   
1992,24,1,11,25,26,34,46   
1992,25,9,13,16,34,38,41   
1992,26,6,30,39,40,44,46   
1992,27,1,13,16,17,25,35   
1992,28,4,6,20,22,38,40   
1992,29,12,15,19,25,35,45   
1992,30,1,14,19,25,28,39   
1992,31,6,7,21,27,36,39   
1992,32,12,14,22,28,29,34   
1992,33,4,5,17,21,30,47   
1992,34,20,21,23,28,34,44   
1992,35,13,18,36,37,41,43   
1992,36,14,16,21,23,32,47   
1992,37,4,7,11,16,22,33   
1992,38,4,6,7,17,20,25   
1992,39,5,8,17,25,32,45   
1992,40,12,14,22,30,36,40   
1992,41,14,23,31,40,47,49   
1992,42,14,20,23,27,38,45   
1992,43,16,26,28,33,37,49   
1992,44,1,4,7,28,35,39   
1992,45,14,17,22,29,31,45   
1992,46,6,11,20,24,35,43   
1992,47,14,26,27,28,29,45   
1992,48,3,9,11,19,20,31   
1992,49,17,23,34,35,38,47   
1992,50,1,4,25,29,33,34   
1992,51,5,12,18,25,36,38   
1992,52,4,10,18,19,25,31   
1993,1,5,9,21,24,39,48   
1993,2,13,14,25,29,42,48   
1993,3,15,16,19,23,39,45   
1993,4,1,3,6,21,31,42   
1993,5,3,6,23,42,46,49   
1993,6,2,4,5,9,13,31   
1993,7,8,17,28,29,38,43   
1993,8,1,2,12,17,24,49   
1993,9,10,22,27,38,46,49   
1993,10,11,15,18,31,38,49   
1993,11,1,3,4,11,37,38   
1993,12,2,8,29,37,41,46   
1993,13,3,14,18,24,29,39   
1993,14,15,24,25,29,38,48   
1993,15,14,23,33,36,37,48   
1993,16,6,17,18,23,42,49   
1993,17,4,10,12,25,27,33   
1993,18,3,5,6,16,44,49   
1993,19,12,16,21,39,41,49   
1993,20,3,5,11,12,19,30   
1993,21,3,4,23,25,44,48   
1993,22,5,24,26,35,41,44   
1993,23,1,2,5,29,38,39   
1993,24,1,11,25,26,34,46   
1993,25,9,13,16,34,38,41   
1993,26,6,30,39,40,44,46   
1993,27,1,13,16,17,25,35   
1993,28,4,6,20,22,38,40   
1993,29,12,15,19,25,35,45   
1993,30,1,14,19,25,28,39   
1993,31,6,7,21,27,36,39   
1993,32,12,14,22,28,29,34   
1993,33,4,5,17,21,30,47   
1993,34,20,21,23,28,34,44   
1993,35,13,18,36,37,41,43   
1993,36,14,16,21,23,32,47   
1993,37,4,7,11,16,22,33   
1993,38,4,6,7,17,20,25   
1993,39,5,8,17,25,32,45   
1993,40,12,14,22,30,36,40   
1993,41,14,23,31,40,47,49   
1993,42,14,20,23,27,38,45   
1993,43,16,26,28,33,37,49   
1993,44,1,4,7,28,35,39   
1993,45,14,17,22,29,31,45   
1993,46,6,11,20,24,35,43   
1993,47,14,26,27,28,29,45   
1993,48,3,9,11,19,20,31   
1993,49,17,23,34,35,38,47   
1993,50,1,4,25,29,33,34   
1993,51,5,12,18,25,36,38   
1993,52,4,10,18,19,25,31   
1994,1,5,9,21,24,39,48   
1994,2,13,14,25,29,42,48   
1994,3,15,16,19,23,39,45   
1994,4,1,3,6,21,31,42   
1994,5,3,6,23,42,46,49   
1994,6,2,4,5,9,13,31   
1994,7,8,17,28,29,38,43   
1994,8,1,2,12,17,24,49   
1994,9,10,22,27,38,46,49   
1994,10,11,15,18,31,38,49   
1994,11,1,3,4,11,37,38   
1994,12,2,8,29,37,41,46   
1994,13,3,14,18,24,29,39   
1994,14,15,24,25,29,38,48   
1994,15,14,23,33,36,37,48   
1994,16,6,17,18,23,42,49   
1994,17,4,10,12,25,27,33   
1994,18,3,5,6,16,44,49   
1994,19,12,16,21,39,41,49   
1994,20,3,5,11,12,19,30   
1994,21,3,4,23,25,44,48   
1994,22,5,24,26,35,41,44   
1994,23,1,2,5,29,38,39   
1994,24,1,11,25,26,34,46   
1994,25,9,13,16,34,38,41   
1994,26,6,30,39,40,44,46   
1994,27,1,13,16,17,25,35   
1994,28,4,6,20,22,38,40   
1994,29,12,15,19,25,35,45   
1994,30,1,14,19,25,28,39   
1994,31,6,7,21,27,36,39   
1994,32,12,14,22,28,29,34   
1994,33,4,5,17,21,30,47   
1994,34,20,21,23,28,34,44   
1994,35,13,18,36,37,41,43   
1994,36,14,16,21,23,32,47   
1994,37,4,7,11,16,22,33   
1994,38,4,6,7,17,20,25   
1994,39,5,8,17,25,32,45   
1994,40,12,14,22,30,36,40   
1994,41,14,23,31,40,47,49   
1994,42,14,20,23,27,38,45   
1994,43,16,26,28,33,37,49   
1994,44,1,4,7,28,35,39   
1994,45,14,17,22,29,31,45   
1994,46,6,11,20,24,35,43   
1994,47,14,26,27,28,29,45   
1994,48,3,9,11,19,20,31   
1994,49,17,23,34,35,38,47   
1994,50,1,4,25,29,33,34   
1994,51,5,12,18,25,36,38   
1994,52,4,10,18,19,25,31   
1995,1,5,9,21,24,39,48   
1995,2,13,14,25,29,42,48   
1995,3,15,16,19,23,39,45   
1995,4,1,3,6,21,31,42   
1995,5,3,6,23,42,46,49   
1995,6,2,4,5,9,13,31   
1995,7,8,17,28,29,38,43   
1995,8,1,2,12,17,24,49   
1995,9,10,22,27,38,46,49   
1995,10,11,15,18,31,38,49   
1995,11,1,3,4,11,37,38   
1995,12,2,8,29,37,41,46   
1995,13,3,14,18,24,29,39   
1995,14,15,24,25,29,38,48   
1995,15,14,23,33,36,37,48   
1995,16,6,17,18,23,42,49   
1995,17,4,10,12,25,27,33   
1995,18,3,5,6,16,44,49   
1995,19,12,16,21,39,41,49   
1995,20,3,5,11,12,19,30   
1995,21,3,4,23,25,44,48   
1995,22,5,24,26,35,41,44   
1995,23,1,2,5,29,38,39   
1995,24,1,11,25,26,34,46   
1995,25,9,13,16,34,38,41   
1995,26,6,30,39,40,44,46   
1995,27,1,13,16,17,25,35   
1995,28,4,6,20,22,38,40   
1995,29,12,15,19,25,35,45   
1995,30,1,14,19,25,28,39   
1995,31,6,7,21,27,36,39   
1995,32,12,14,22,28,29,34   
1995,33,4,5,17,21,30,47   
1995,34,20,21,23,28,34,44   
1995,35,13,18,36,37,41,43   
1995,36,14,16,21,23,32,47   
1995,37,4,7,11,16,22,33   
1995,38,4,6,7,17,20,25   
1995,39,5,8,17,25,32,45   
1995,40,12,14,22,30,36,40   
1995,41,14,23,31,40,47,49   
1995,42,14,20,23,27,38,45   
1995,43,16,26,28,33,37,49   
1995,44,1,4,7,28,35,39   
1995,45,14,17,22,29,31,45   
1995,46,6,11,20,24,35,43   
1995,47,14,26,27,28,29,45   
1995,48,3,9,11,19,20,31   
1995,49,17,23,34,35,38,47   
1995,50,1,4,25,29,33,34   
1995,51,5,12,18,25,36,38   
1995,52,4,10,18,19,25,31   
1996,1,5,9,21,24,39,48   
1996,2,13,14,25,29,42,48   
1996,3,15,16,19,23,39,45   
1996,4,1,3,6,21,31,42   
1996,5,3,6,23,42,46,49   
1996,6,2,4,5,9,13,31   
1996,7,8,17,28,29,38,43   
1996,8,1,2,12,17,24,49   
1996,9,10,22,27,38,46,49   
1996,10,11,15,18,31,38,49   
1996,11,1,3,4,11,37,38   
1996,12,2,8,29,37,41,46   
1996,13,3,14,18,24,29,39   
1996,14,15,24,25,29,38,48   
1996,15,14,23,33,36,37,48   
1996,16,6,17,18,23,42,49   
1996,17,4,10,12,25,27,33   
1996,18,3,5,6,16,44,49   
1996,19,12,16,21,39,41,49   
1996,20,3,5,11,12,19,30   
1996,21,3,4,23,25,44,48   
1996,22,5,24,26,35,41,44   
1996,23,1,2,5,29,38,39   
1996,24,1,11,25,26,34,46   
1996,25,9,13,16,34,38,41   
1996,26,6,30,39,40,44,46   
1996,27,1,13,16,17,25,35   
1996,28,4,6,20,22,38,40   
1996,29,12,15,19,25,35,45   
1996,30,1,14,19,25,28,39   
1996,31,6,7,21,27,36,39   
1996,32,12,14,22,28,29,34   
1996,33,4,5,17,21,30,47   
1996,34,20,21,23,28,34,44   
1996,35,13,18,36,37,41,43   
1996,36,14,16,21,23,32,47   
1996,37,4,7,11,16,22,33   
1996,38,4,6,7,17,20,25   
1996,39,5,8,17,25,32,45   
1996,40,12,14,22,30,36,40   
1996,41,14,23,31,40,47,49   
1996,42,14,20,23,27,38,45   
1996,43,16,26,28,33,37,49   
1996,44,1,4,7,28,35,39   
1996,45,14,17,22,29,31,45   
1996,46,6,11,20,24,35,43   
1996,47,14,26,27,28,29,45   
1996,48,3,9,11,19,20,31   
1996,49,17,23,34,35,38,47   
1996,50,1,4,25,29,33,34   
1996,51,5,12,18,25,36,38   
1996,52,4,10,18,19,25,31   
1997,1,5,9,21,24,39,48   
1997,2,13,14,25,29,42,48   
1997,3,15,16,19,23,39,45   
1997,4,1,3,6,21,31,42   
1997,5,3,6,23,42,46,49   
1997,6,2,4,5,9,13,31   
1997,7,8,17,28,29,38,43   
1997,8,1,2,12,17,24,49   
1997,9,10,22,27,38,46,49   
1997,10,11,15,18,31,38,49   
1997,11,1,3,4,11,37,38   
1997,12,2,8,29,37,41,46   
1997,13,3,14,18,24,29,39   
1997,14,15,24,25,29,38,48   
1997,15,14,23,33,36,37,48   
1997,16,6,17,18,23,42,49   
1997,17,4,10,12,25,27,33   
1997,18,3,5,6,16,44,49   
1997,19,12,16,21,39,41,49   
1997,20,3,5,11,12,19,30   
1997,21,3,4,23,25,44,48   
1997,22,5,24,26,35,41,44   
1997,23,1,2,5,29,38,39   
1997,24,1,11,25,26,34,46   
1997,25,9,13,16,34,38,41   
1997,26,6,30,39,40,44,46   
1997,27,1,13,16,17,25,35   
1997,28,4,6,20,22,38,40   
1997,29,12,15,19,25,35,45   
1997,30,1,14,19,25,28,39   
1997,31,6,7,21,27,36,39   
1997,32,12,14,22,28,29,34   
1997,33,4,5,17,21,30,47   
1997,34,20,21,23,28,34,44   
1997,35,13,18,36,37,41,43   
1997,36,14,16,21,23,32,47   
1997,37,4,7,11,16,22,33   
1997,38,4,6,7,17,20,25   
1997,39,5,8,17,25,32,45   
1997,40,12,14,22,30,36,40   
1997,41,14,23,31,40,47,49   
1997,42,14,20,23,27,38,45   
1997,43,16,26,28,33,37,49   
1997,44,1,4,7,28,35,39   
1997,45,14,17,22,29,31,45   
1997,46,6,11,20,24,35,43   
1997,47,14,26,27,28,29,45   
1997,48,3,9,11,19,20,31   
1997,49,17,23,34,35,38,47   
1997,50,1,4,25,29,33,34   
1997,51,5,12,18,25,36,38   
1997,52,4,10,18,19,25,31   
1998,1,5,9,21,24,39,48   
1998,2,13,14,25,29,42,48   
1998,3,15,16,19,23,39,45   
1998,4,1,3,6,21,31,42   
1998,5,3,6,23,42,46,49   
1998,6,2,4,5,9,13,31   
1998,7,8,17,28,29,38,43   
1998,8,1,2,12,17,24,49   
1998,9,10,22,27,38,46,49   
1998,10,11,15,18,31,38,49   
1998,11,1,3,4,11,37,38   
1998,12,2,8,29,37,41,46   
1998,13,3,14,18,24,29,39   
1998,14,15,24,25,29,38,48   
1998,15,14,23,33,36,37,48   
1998,16,6,17,18,23,42,49   
1998,17,4,10,12,25,27,33   
1998,18,3,5,6,16,44,49   
1998,19,12,16,21,39,41,49   
1998,20,3,5,11,12,19,30   
1998,21,3,4,23,25,44,48   
1998,22,5,24,26,35,41,44   
1998,23,1,2,5,29,38,39   
1998,24,1,11,25,26,34,46   
1998,25,9,13,16,34,38,41   
1998,26,6,30,39,40,44,46   
1998,27,1,13,16,17,25,35   
1998,28,4,6,20,22,38,40   
1998,29,12,15,19,25,35,45   
1998,30,1,14,19,25,28,39   
1998,31,6,7,21,27,36,39   
1998,32,12,14,22,28,29,34   
1998,33,4,5,17,21,30,47   
1998,34,20,21,23,28,34,44   
1998,35,13,18,36,37,41,43   
1998,36,14,16,21,23,32,47   
1998,37,4,7,11,16,22,33   
1998,38,4,6,7,17,20,25   
1998,39,5,8,17,25,32,45   
1998,40,12,14,22,30,36,40   
1998,41,14,23,31,40,47,49   
1998,42,14,20,23,27,38,45   
1998,43,16,26,28,33,37,49   
1998,44,1,4,7,28,35,39   
1998,45,14,17,22,29,31,45   
1998,46,6,11,20,24,35,43   
1998,47,14,26,27,28,29,45   
1998,48,3,9,11,19,20,31   
1998,49,17,23,34,35,38,47   
1998,50,1,4,25,29,33,34   
1998,51,5,12,18,25,36,38   
1998,52,4,10,18,19,25,31   
1999,1,5,9,21,24,39,48   
1999,2,13,14,25,29,42,48   
1999,3,15,16,19,23,39,45   
1999,4,1,3,6,21,31,42   
1999,5,3,6,23,42,46,49   
1999,6,2,4,5,9,13,31   
1999,7,8,17,28,29,38,43   
1999,8,1,2,12,17,24,49   
1999,9,10,22,27,38,46,49   
1999,10,11,15,18,31,38,49   
1999,11,1,3,4,11,37,38   
1999,12,2,8,29,37,41,46   
1999,13,3,14,18,24,29,39   
1999,14,15,24,25,29,38,48   
1999,15,14,23,33,36,37,48   
1999,16,6,17,18,23,42,49   
1999,17,4,10,12,25,27,33   
1999,18,3,5,6,16,44,49   
1999,19,12,16,21,39,41,49   
1999,20,3,5,11,12,19,30   
1999,21,3,4,23,25,44,48   
1999,22,5,24,26,35,41,44   
1999,23,1,2,5,29,38,39   
1999,24,1,11,25,26,34,46   
1999,25,9,13,16,34,38,41   
1999,26,6,30,39,40,44,46   
1999,27,1,13,16,17,25,35   
1999,28,4,6,20,22,38,40   
1999,29,12,15,19,25,35,45   
1999,30,1,14,19,25,28,39   
1999,31,6,7,21,27,36,39   
1999,32,12,14,22,28,29,34   
1999,33,4,5,17,21,30,47   
1999,34,20,21,23,28,34,44   
1999,35,13,18,36,37,41,43   
1999,36,14,16,21,23,32,47   
1999,37,4,7,11,16,22,33   
1999,38,4,6,7,17,20,25   
1999,39,5,8,17,25,32,45   
1999,40,12,14,22,30,36,40   
1999,41,14,23,31,40,47,49   
1999,42,14,20,23,27,38,45   
1999,43,16,26,28,33,37,49   
1999,44,1,4,7,28,35,39   
1999,45,14,17,22,29,31,45   
1999,46,6,11,20,24,35,43   
1999,47,14,26,27,28,29,45   
1999,48,3,9,11,19,20,31   
1999,49,17,23,34,35,38,47   
1999,50,1,4,25,29,33,34   
1999,51,5,12,18,25,36,38   
1999,52,4,10,18,19,25,31   
2000,1,5,9,21,24,39,48   
2000,2,13,14,25,29,42,48   
2000,3,15,16,19,23,39,45   
2000,4,1,3,6,21,31,42   
2000,5,3,6,23,42,46,49   
2000,6,2,4,5,9,13,31   
2000,7,8,17,28,29,38,43   
2000,8,1,2,12,17,24,49   
2000,9,10,22,27,38,46,49   
2000,10,11,15,18,31,38,49   
2000,11,1,3,4,11,37,38   
2000,12,2,8,29,37,41,46   
2000,13,3,14,18,24,29,39   
2000,14,15,24,25,29,38,48   
2000,15,14,23,33,36,37,48   
2000,16,6,17,18,23,42,49   
2000,17,4,10,12,25,27,33   
2000,18,3,5,6,16,44,49   
2000,19,12,16,21,39,41,49   
2000,20,3,5,11,12,19,30   
2000,21,3,4,23,25,44,48   
2000,22,5,24,26,35,41,44   
2000,23,1,2,5,29,38,39   
2000,24,1,11,25,26,34,46   
2000,25,9,13,16,34,38,41   
2000,26,6,30,39,40,44,46   
2000,27,1,13,16,17,25,35   
2000,28,4,6,20,22,38,40   
2000,29,12,15,19,25,35,45   
2000,30,1,14,19,25,28,39   
2000,31,6,7,21,27,36,39   
2000,32,12,14,22,28,29,34   
2000,33,4,5,17,21,30,47   
2000,34,20,21,23,28,34,44   
2000,35,13,18,36,37,41,43   
2000,36,14,16,21,23,32,47   
2000,37,4,7,11,16,22,33   
2000,38,4,6,7,17,20,25   
2000,39,5,8,17,25,32,45   
2000,40,12,14,22,30,36,40   
2000,41,14,23,31,40,47,49   
2000,42,14,20,23,27,38,45   
2000,43,16,26,28,33,37,49   
2000,44,1,4,7,28,35,39   
2000,45,14,17,22,29,31,45   
2000,46,6,11,20,24,35,43   
2000,47,14,26,27,28,29,45   
2000,48,3,9,11,19,20,31   
2000,49,17,23,34,35,38,47   
2000,50,1,4,25,29,33,34   
2000,51,5,12,18,25,36,38   
2000,52,4,10,18,19,25,31   
2001,1,5,9,21,24,39,48   
2001,2,13,14,25,29,42,48   
2001,3,15,16,19,23,39,45   
2001,4,1,3,6,21,31,42   
2001,5,3,6,23,42,46,49   
2001,6,2,4,5,9,13,31   
2001,7,8,17,28,29,38,43   
2001,8,1,2,12,17,24,49   
2001,9,10,22,27,38,46,49   
2001,10,11,15,18,31,38,49   
2001,11,1,3,4,11,37,38   
2001,12,2,8,29,37,41,46   
2001,13,3,14,18,24,29,39   
2001,14,15,24,25,29,38,48   
2001,15,14,23,33,36,37,48   
2001,16,6,17,18,23,42,49   
2001,17,4,10,12,25,27,33   
2001,18,3,5,6,16,44,49   
2001,19,12,16,21,39,41,49   
2001,20,3,5,11,12,19,30   
2001,21,3,4,23,25,44,48   
2001,22,5,24,26,35,41,44   
2001,23,1,2,5,29,38,39   
2001,24,1,11,25,26,34,46   
2001,25,9,13,16,34,38,41   
2001,26,6,30,39,40,44,46   
2001,27,1,13,16,17,25,35   
2001,28,4,6,20,22,38,40   
2001,29,12,15,19,25,35,45   
2001,30,1,14,19,25,28,39   
2001,31,6,7,21,27,36,39   
2001,32,12,14,22,28,29,34   
2001,33,4,5,17,21,30,47   
2001,34,20,21,23,28,34,44   
2001,35,13,18,36,37,41,43   
2001,36,14,16,21,23,32,47   
2001,37,4,7,11,16,22,33   
2001,38,4,6,7,17,20,25   
2001,39,5,8,17,25,32,45   
2001,40,12,14,22,30,36,40   
2001,41,14,23,31,40,47,49   
2001,42,14,20,23,27,38,45   
2001,43,16,26,28,33,37,49   
2001,44,1,4,7,28,35,39   
2001,45,14,17,22,29,31,45   
2001,46,6,11,20,24,35,43   
2001,47,14,26,27,28,29,45   
2001,48,3,9,11,19,20,31   
2001,49,17,23,34,35,38,47   
2001,50,1,4,25,29,33,34   
2001,51,5,12,18,25,36,38   
2001,52,4,10,18,19,25,31   
2002,1,5,9,21,24,39,48   
2002,2,13,14,25,29,42,48   
2002,3,15,16,19,23,39,45   
2002,4,1,3,6,21,31,42   
2002,5,3,6,23,42,46,49   
2002,6,2,4,5,9,13,31   
2002,7,8,17,28,29,38,43   
2002,8,1,2,12,17,24,49   
2002,9,10,22,27,38,46,49   
2002,10,11,15,18,31,38,49   
2002,11,1,3,4,11,37,38   
2002,12,2,8,29,37,41,46   
2002,13,3,14,18,24,29,39   
2002,14,15,24,25,29,38,48   
2002,15,14,23,33,36,37,48   
2002,16,6,17,18,23,42,49   
2002,17,4,10,12,25,27,33   
2002,18,3,5,6,16,44,49   
2002,19,12,16,21,39,41,49   
2002,20,3,5,11,12,19,30   
2002,21,3,4,23,25,44,48   
2002,22,5,24,26,35,41,44   
2002,23,1,2,5,29,38,39   
2002,24,1,11,25,26,34,46   
2002,25,9,13,16,34,38,41   
2002,26,6,30,39,40,44,46   
2002,27,1,13,16,17,25,35   
2002,28,4,6,20,22,38,40   
2002,29,12,15,19,25,35,45   
2002,30,1,14,19,25,28,39   
2002,31,6,7,21,27,36,39   
2002,32,12,14,22,28,29,34   
2002,33,4,5,17,21,30,47   
2002,34,20,21,23,28,34,44   
2002,35,13,18,36,37,41,43   
2002,36,14,16,21,23,32,47   
2002,37,4,7,11,16,22,33   
2002,38,4,6,7,17,20,25   
2002,39,5,8,17,25,32,45   
2002,40,12,14,22,30,36,40   
2002,41,14,23,31,40,47,49   
2002,42,14,20,23,27,38,45   
2002,43,16,26,28,33,37,49   
2002,44,1,4,7,28,35,39   
2002,45,14,17,22,29,31,45   
2002,46,6,11,20,24,35,43   
2002,47,14,26,27,28,29,45   
2002,48,3,9,11,19,20,31   
2002,49,17,23,34,35,38,47   
2002,50,1,4,25,29,33,34   
2002,51,5,12,18,25,36,38   
2002,52,4,10,18,19,25,31   
2003,1,5,9,21,24,39,48   
2003,2,13,14,25,29,42,48   
2003,3,15,16,19,23,39,45   
2003,4,1,3,6,21,31,42   
2003,5,3,6,23,42,46,49   
2003,6,2,4,5,9,13,31   
2003,7,8,17,28,29,38,43   
2003,8,1,2,12,17,24,49   
2003,9,10,22,27,38,46,49   
2003,10,11,15,18,31,38,49   
2003,11,1,3,4,11,37,38   
2003,12,2,8,29,37,41,46   
2003,13,3,14,18,24,29,39   
2003,14,15,24,25,29,38,48   
2003,15,14,23,33,36,37,48   
2003,16,6,17,18,23,42,49   
2003,17,4,10,12,25,27,33   
2003,18,3,5,6,16,44,49   
2003,19,12,16,21,39,41,49   
2003,20,3,5,11,12,19,30   
2003,21,3,4,23,25,44,48   
2003,22,5,24,26,35,41,44   
2003,23,1,2,5,29,38,39   
2003,24,1,11,25,26,34,46   
2003,25,9,13,16,34,38,41   
2003,26,6,30,39,40,44,46   
2003,27,1,13,16,17,25,35   
2003,28,4,6,20,22,38,40   
2003,29,12,15,19,25,35,45   
2003,30,1,14,19,25,28,39   
2003,31,6,7,21,27,36,39   
2003,32,12,14,22,28,29,34   
2003,33,4,5,17,21,30,47   
2003,34,20,21,23,28,34,44   
2003,35,13,18,36,37,41,43   
2003,36,14,16,21,23,32,47   
2003,37,4,7,11,16,22,33   
2003,38,4,6,7,17,20,25   
2003,39,5,8,17,25,32,45   
2003,40,12,14,22,30,36,40   
2003,41,14,23,31,40,47,49   
2003,42,14,20,23,27,38,45   
2003,43,16,26,28,33,37,49   
2003,44,1,4,7,28,35,39   
2003,45,14,17,22,29,31,45   
2003,46,6,11,20,24,35,43   
2003,47,14,26,27,28,29,45   
2003,48,3,9,11,19,20,31   
2003,49,17,23,34,35,38,47   
2003,50,1,4,25,29,33,34   
2003,51,5,12,18,25,36,38   
2003,52,4,10,18,19,25,31   
2004,1,5,9,21,24,39,48   
2004,2,13,14,25,29,42,48   
2004,3,15,16,19,23,39,45   
2004,4,1,3,6,21,31,42   
2004,5,3,6,23,42,46,49   
2004,6,2,4,5,9,13,31   
2004,7,8,17,28,29,38,43   
2004,8,1,2,12,17,24,49   
2004,9,10,22,27,38,46,49   
2004,10,11,15,18,31,38,49   
2004,11,1,3,4,11,37,38   
2004,12,2,8,29,37,41,46   
2004,13,3,14,18,24,29,39   
2004,14,15,24,25,29,38,48   
2004,15,14,23,33,36,37,48   
2004,16,6,17,18,23,42,49   
2004,17,4,10,12,25,27,33   
2004,18,3,5,6,16,44,49   
2004,19,12,16,21,39,41,49   
2004,20,3,5,11,12,19,30   
2004,21,3,4,23,25,44,48   
2004,22,5,24,26,35,41,44   
2004,23,1,2,5,29,38,39   
2004,24,1,11,25,26,34,46   
2004,25,9,13,16,34,38,41   
2004,26,6,30,39,40,44,46   
2004,27,1,13,16,17,25,35   
2004,28,4,6,20,22,38,40   
2004,29,12,15,19,25,35,45   
2004,30,1,14,19,25,28,39   
2004,31,6,7,21,27,36,39   
2004,32,12,14,22,28,29,34   
2004,33,4,5,17,21,30,47   
2004,34,20,21,23,28,34,44   
2004,35,13,18,36,37,41,43   
2004,36,14,16,21,23,32,47   
2004,37,4,7,11,16,22,33   
2004,38,4,6,7,17,20,25   
2004,39,5,8,17,25,32,45   
2004,40,12,14,22,30,36,40   
2004,41,14,23,31,40,47,49   
2004,42,14,20,23,27,38,45   
2004,43,16,26,28,33,37,49   
2004,44,1,4,7,28,35,39   
2004,45,14,17,22,29,31,45   
2004,46,6,11,20,24,35,43   
2004,47,14,26,27,28,29,45   
2004,48,3,9,11,19,20,31   
2004,49,17,23,34,35,38,47   
2004,50,1,4,25,29,33,34   
2004,51,5,12,18,25,36,38   
2004,52,4,10,18,19,25,31   
2005,1,5,9,21,24,39,48   
2005,2,13,14,25,29,42,48   
2005,3,15,16,19,23,39,45   
2005,4,1,3,6,21,31,42   
2005,5,3,6,23,42,46,49   
2005,6,2,4,5,9,13,31   
2005,7,8,17,28,29,38,43   
2005,8,1,2,12,17,24,49   
2005,9,10,22,27,38,46,49   
2005,10,11,15,18,31,38,49   
2005,11,1,3,4,11,37,38   
2005,12,2,8,29,37,41,46   
2005,13,3,14,18,24,29,39   
2005,14,15,24,25,29,38,48   
2005,15,14,23,33,36,37,48   
2005,16,6,17,18,23,42,49   
2005,17,4,10,12,25,27,33   
2005,18,3,5,6,16,44,49   
2005,19,12,16,21,39,41,49   
2005,20,3,5,11,12,19,30   
2005,21,3,4,23,25,44,48   
2005,22,5,24,26,35,41,44   
2005,23,1,2,5,29,38,39   
2005,24,1,11,25,26,34,46   
2005,25,9,13,16,34,38,41   
2005,26,6,30,39,40,44,46   
2005,27,1,13,16,17,25,35   
2005,28,4,6,20,22,38,40   
2005,29,12,15,19,25,35,45   
2005,30,1,14,19,25,28,39   
2005,31,6,7,21,27,36,39   
2005,32,12,14,22,28,29,34   
2005,33,4,5,17,21,30,47   
2005,34,20,21,23,28,34,44   
2005,35,13,18,36,37,41,43   
2005,36,14,16,21,23,32,47   
2005,37,4,7,11,16,22,33   
2005,38,4,6,7,17,20,25   
2005,39,5,8,17,25,32,45   
2005,40,12,14,22,30,36,40   
2005,41,14,23,31,40,47,49   
2005,42,14,20,23,27,38,45   
2005,43,16,26,28,33,37,49   
2005,44,1,4,7,28,35,39   
2005,45,14,17,22,29,31,45   
2005,46,6,11,20,24,35,43   
2005,47,14,26,27,28,29,45   
2005,48,3,9,11,19,20,31   
2005,49,17,23,34,35,38,47   
2005,50,1,4,25,29,33,34   
2005,51,5,12,18,25,36,38   
2005,52,4,10,18,19,25,31   
2006,1,5,9,21,24,39,48   
2006,2,13,14,25,29,42,48   
2006,3,15,16,19,23,39,45   
2006,4,1,3,6,21,31,42   
2006,5,3,6,23,42,46,49   
2006,6,2,4,5,9,13,31   
2006,7,8,17,28,29,38,43   
2006,8,1,2,12,17,24,49   
2006,9,10,22,27,38,46,49   
2006,10,11,15,18,31,38,49   
2006,11,1,3,4,11,37,38   
2006,12,2,8,29,37,41,46   
2006,13,3,14,18,24,29,39   
2006,14,15,24,25,29,38,48   
2006,15,14,23,33,36,37,48   
2006,16,6,17,18,23,42,49   
2006,17,4,10,12,25,27,33   
2006,18,3,5,6,16,44,49   
2006,19,12,16,21,39,41,49   
2006,20,3,5,11,12,19,30   
2006,21,3,4,23,25,44,48   
2006,22,5,24,26,35,41,44   
2006,23,1,2,5,29,38,39   
2006,24,1,11,25,26,34,46   
2006,25,9,13,16,34,38,41   
2006,26,6,30,39,40,44,46   
2006,27,1,13,16,17,25,35   
2006,28,4,6,20,22,38,40   
2006,29,12,15,19,25,35,45   
2006,30,1,14,19,25,28,39   
2006,31,6,7,21,27,36,39   
2006,32,12,14,22,28,29,34   
2006,33,4,5,17,21,30,47   
2006,34,20,21,23,28,34,44   
2006,35,13,18,36,37,41,43   
2006,36,14,16,21,23,32,47   
2006,37,4,7,11,16,22,33   
2006,38,4,6,7,17,20,25   
2006,39,5,8,17,25,32,45   
2006,40,12,14,22,30,36,40   
2006,41,14,23,31,40,47,49   
2006,42,14,20,23,27,38,45   
2006,43,16,26,28,33,37,49   
2006,44,1,4,7,28,35,39   
2006,45,14,17,22,29,31,45   
2006,46,6,11,20,24,35,43   
2006,47,14,26,27,28,29,45   
2006,48,3,9,11,19,20,31   
2006,49,17,23,34,35,38,47   
2006,50,1,4,25,29,33,34   
2006,51,5,12,18,25,36,38   
2006,52,4,10,18,19,25,31   
2007,1,5,9,21,24,39,48   
2007,2,13,14,25,29,42,48   
2007,3,15,16,19,23,39,45   
2007,4,1,3,6,21,31,42   
2007,5,3,6,23,42,46,49   
2007,6,2,4,5,9,13,31   
2007,7,8,17,28,29,38,43   
2007,8,1,2,12,17,24,49   
2007,9,10,22,27,38,46,49   
2007,10,11,15,18,31,38,49   
2007,11,1,3,4,11,37,38   
2007,12,2,8,29,37,41,46   
2007,13,3,14,18,24,29,39   
2007,14,15,24,25,29,38,48   
2007,15,14,23,33,36,37,48   
2007,16,6,17,18,23,42,49   
2007,17,4,10,12,25,27,33   
2007,18,3,5,6,16,44,49   
2007,19,12,16,21,39,41,49   
2007,20,3,5,11,12,19,30   
2007,21,3,4,23,25,44,48   
2007,22,5,24,26,35,41,44   
2007,23,1,2,5,29,38,39   
2007,24,1,11,25,26,34,46   
2007,25,9,13,16,34,38,41   
2007,26,6,30,39,40,44,46   
2007,27,1,13,16,17,25,35   
2007,28,4,6,20,22,38,40   
2007,29,12,15,19,25,35,45   
2007,30,1,14,19,25,28,39   
2007,31,6,7,21,27,36,39   
2007,32,12,14,22,28,29,34   
2007,33,4,5,17,21,30,47   
2007,34,20,21,23,28,34,44   
2007,35,13,18,36,37,41,43   
2007,36,14,16,21,23,32,47   
2007,37,4,7,11,16,22,33   
2007,38,4,6,7,17,20,25   
2007,39,5,8,17,25,32,45   
2007,40,12,14,22,30,36,40   
2007,41,14,23,31,40,47,49   
2007,42,14,20,23,27,38,45   
2007,43,16,26,28,33,37,49   
2007,44,1,4,7,28,35,39   
2007,45,14,17,22,29,31,45   
2007,46,6,11,20,24,35,43   
2007,47,14,26,27,28,29,45   
2007,48,3,9,11,19,20,31   
2007,49,17,23,34,35,38,47   
2007,50,1,4,25,29,33,34   
2007,51,5,12,18,25,36,38   
2007,52,4,10,18,19,25,31   
2008,1,5,9,21,24,39,48   
2008,2,13,14,25,29,42,48   
2008,3,15,16,19,23,39,45   
2008,4,1,3,6,21,31,42   
2008,5,3,6,23,42,46,49   
2008,6,2,4,5,9,13,31   
2008,7,8,17,28,29,38,43   
2008,8,1,2,12,17,24,49   
2008,9,10,22,27,38,46,49   
2008,10,11,15,18,31,38,49   
2008,11,1,3,4,11,37,38   
2008,12,2,8,29,37,41,46   
2008,13,3,14,18,24,29,39   
2008,14,15,24,25,29,38,48   
2008,15,14,23,33,36,37,48   
2008,16,6,17,18,23,42,49   
2008,17,4,10,12,25,27,33   
2008,18,3,5,6,16,44,49   
2008,19,12,16,21,39,41,49   
2008,20,3,5,11,12,19,30   
2008,21,3,4,23,25,44,48   
2008,22,5,24,26,35,41,44   
2008,23,1,2,5,29,38,39   
2008,24,1,11,25,26,34,46   
2008,25,9,13,16,34,38,41   
2008,26,6,30,39,40,44,46   
2008,27,1,13,16,17,25,35   
2008,28,4,6,20,22,38,40   
2008,29,12,15,19,25,35,45   
2008,30,1,14,19,25,28,39   
2008,31,6,7,21,27,36,39   
2008,32,12,14,22,28,29,34   
2008,33,4,5,17,21,30,47   
2008,34,20,21,23,28,34,44   
2008,35,13,18,36,37,41,43   
2008,36,14,16,21,23,32,47   
2008,37,4,7,11,16,22,33   
2008,38,4,6,7,17,20,25   
2008,39,5,8,17,25,32,45   
2008,40,12,14,22,30,36,40   
2008,41,14,23,31,40,47,49   
2008,42,14,20,23,27,38,45   
2008,43,16,26,28,33,37,49   
2008,44,1,4,7,28,35,39   
2008,45,14,17,22,29,31,45   
2008,46,6,11,20,24,35,43   
2008,47,14,26,27,28,29,45   
2008,48,3,9,11,19,20,31   
2008,49,17,23,34,35,38,47   
2008,50,1,4,25,29,33,34   
2008,51,5,12,18,25,36,38   
2008,52,4,10,18,19,25,31   
2009,1,5,9,21,24,39,48   
2009,2,13,14,25,29,42,48   
2009,3,15,16,19,23,39,45   
2009,4,1,3,6,21,31,42   
2009,5,3,6,23,42,46,49   
2009,6,2,4,5,9,13,31   
2009,7,8,17,28,29,38,43   
2009,8,1,2,12,17,24,49   
2009,9,10,22,27,38,46,49   
2009,10,11,15,18,31,38,49   
2009,11,1,3,4,11,37,38   
2009,12,2,8,29,37,41,46   
2009,13,3,14,18,24,29,39   
2009,14,15,24,25,29,38,48   
2009,15,14,23,33,36,37,48   
2009,16,6,17,18,23,42,49   
2009,17,4,10,12,25,27,33   
2009,18,3,5,6,16,44,49   
2009,19,12,16,21,39,41,49   
2009,20,3,5,11,12,19,30   
2009,21,3,4,23,25,44,48   
2009,22,5,24,26,35,41,44   
2009,23,1,2,5,29,38,39   
2009,24,1,11,25,26,34,46   
2009,25,9,13,16,34,38,41   
2009,26,6,30,39,40,44,46   
2009,27,1,13,16,17,25,35   
2009,28,4,6,20,22,38,40   
2009,29,12,15,19,25,35,45   
2009,30,1,14,19,25,28,39   
2009,31,6,7,21,27,36,39   
2009,32,12,14,22,28,29,34   
2009,33,4,5,17,21,30,47   
2009,34,20,21,23,28,34,44   
2009,35,13,18,36,37,41,43   
2009,36,14,16,21,23,32,47   
2009,37,4,7,11,16,22,33   
2009,38,4,6,7,17,20,25   
2009,39,5,8,17,25,32,45   
2009,40,12,14,22,30,36,40   
2009,41,14,23,31,40,47,49   
2009,42,14,20,23,27,38,45   
2009,43,16,26,28,33,37,49   
2009,44,1,4,7,28,35,39   
2009,45,14,17,22,29,31,45   
2009,46,6,11,20,24,35,43   
2009,47,14,26,27,28,29,45   
2009,48,3,9,11,19,20,31   
2009,49,17,23,34,35,38,47   
2009,50,1,4,25,29,33,34   
2009,51,5,12,18,25,36,38   
2009,52,4,10,18,19,25,31   
2010,1,5,9,21,24,39,48   
2010,2,13,14,25,29,42,48   
2010,3,15,16,19,23,39,45   
2010,4,1,3,6,21,31,42   
2010,5,3,6,23,42,46,49   
2010,6,2,4,5,9,13,31   
2010,7,8,17,28,29,38,43   
2010,8,1,2,12,17,24,49   
2010,9,10,22,27,38,46,49   
2010,10,11,15,18,31,38,49   
2010,11,1,3,4,11,37,38   
2010,12,2,8,29,37,41,46   
2010,13,3,14,18,24,29,39   
2010,14,15,24,25,29,38,48   
2010,15,14,23,33,36,37,48   
2010,16,6,17,18,23,42,49   
2010,17,4,10,12,25,27,33   
2010,18,3,5,6,16,44,49   
2010,19,12,16,21,39,41,49   
2010,20,3,5,11,12,19,30   
2010,21,3,4,23,25,44,48   
2010,22,5,24,26,35,41,44   
2010,23,1,2,5,29,38,39   
2010,24,1,11,25,26,34,46   
2010,25,9,13,16,34,38,41   
2010,26,6,30,39,40,44,46   
2010,27,1,13,16,17,25,35   
2010,28,4,6,20,22,38,40   
2010,29,12,15,19,25,35,45   
2010,30,1,14,19,25,28,39   
2010,31,6,7,21,27,36,39   
2010,32,12,14,22,28,29,34   
2010,33,4,5,17,21,30,47   
2010,34,20,21,23,28,34,44   
2010,35,13,18,36,37,41,43   
2010,36,14,16,21,23,32,47   
2010,37,4,7,11,16,22,33   
2010,38,4,6,7,17,20,25   
2010,39,5,8,17,25,32,45   
2010,40,12,14,22,30,36,40   
2010,41,14,23,31,40,47,49   
2010,42,14,20,23,27,38,45   
2010,43,16,26,28,33,37,49   
2010,44,1,4,7,28,35,39   
2010,45,14,17,22,29,31,45   
2010,46,6,11,20,24,35,43   
2010,47,14,26,27,28,29,45   
2010,48,3,9,11,19,20,31   
2010,49,17,23,34,35,38,47   
2010,50,1,4,25,29,33,34   
2010,51,5,12,18,25,36,38   
2010,52,4,10,18,19,25,31   
2011,1,5,9,21,24,39,48   
2011,2,13,14,25,29,42,48   
2011,3,15,16,19,23,39,45   
2011,4,1,3,6,21,31,42   
2011,5,3,6,23,42,46,49   
2011,6,2,4,5,9,13,31   
2011,7,8,17,28,29,38,43   
2011,8,1,2,12,17,24,49   
2011,9,10,22,27,38,46,49   
2011,10,11,15,18,31,38,49   
2011,11,1,3,4,11,37,38   
2011,12,2,8,29,37,41,46   
2011,13,3,14,18,24,29,39   
2011,14,15,24,25,29,38,48   
2011,15,14,23,33,36,37,48   
2011,16,6,17,18,23,42,49   
2011,17,4,10,12,25,27,33   
2011,18,3,5,6,16,44,49   
2011,19,12,16,21,39,41,49   
2011,20,3,5,11,12,19,30   
2011,21,3,4,23,25,44,48   
2011,22,5,24,26,35,41,44   
2011,23,1,2,5,29,38,39   
2011,24,1,11,25,26,34,46   
2011,25,9,13,16,34,38,41   
2011,26,6,30,39,40,44,46   
2011,27,1,13,16,17,25,35   
2011,28,4,6,20,22,38,40   
2011,29,12,15,19,25,35,45   
2011,30,1,14,19,25,28,39   
2011,31,6,7,21,27,36,39   
2011,32,12,14,22,28,29,34   
2011,33,4,5,17,21,30,47   
2011,34,20,21,23,28,34,44   
2011,35,13,18,36,37,41,43   
2011,36,14,16,21,23,32,47   
2011,37,4,7,11,16,22,33   
2011,38,4,6,7,17,20,25   
2011,39,5,8,17,25,32,45   
2011,40,12,14,22,30,36,40   
2011,41,14,23,31,40,47,49   
2011,42,14,20,23,27,38,45   
2011,43,16,26,28,33,37,49   
2011,44,1,4,7,28,35,39   
2011,45,14,17,22,29,31,45   
2011,46,6,11,20,24,35,43   
2011,47,14,26,27,28,29,45   
2011,48,3,9,11,19,20,31   
2011,49,17,23,34,35,38,47   
2011,50,1,4,25,29,33,34   
2011,51,5,12,18,25,36,38   
2011,52,4,10,18,19,25,31   
2012,1,5,9,21,24,39,48   
2012,2,13,14,25,29,42,48   
2012,3,15,16,19,23,39,45   
2012,4,1,3,6,21,31,42   
2012,5,3,6,23,42,46,49   
2012,6,2,4,5,9,13,31   
2012,7,8,17,28,29,38,43   
2012,8,1,2,12,17,24,49   
2012,9,10,22,27,38,46,49   
2012,10,11,15,18,31,38,49   
2012,11,1,3,4,11,37,38   
2012,12,2,8,29,37,41,46   
2012,13,3,14,18,24,29,39   
2012,14,15,24,25,29,38,48   
2012,15,14,23,33,36,37,48   
2012,16,6,17,18,23,42,49   
2012,17,4,10,12,25,27,33   
2012,18,3,5,6,16,44,49   
2012,19,12,16,21,39,41,49   
2012,20,3,5,11,12,19,30   
2012,21,3,4,23,25,44,48   
2012,22,5,24,26,35,41,44   
2012,23,1,2,5,29,38,39   
2012,24,1,11,25,26,34,46   
2012,25,9,13,16,34,38,41   
2012,26,6,30,39,40,44,46   
2012,27,1,13,16,17,25,35   
2012,28,4,6,20,22,38,40   
2012,29,12,15,19,25,35,45   
2012,30,1,14,19,25,28,39   
2012,31,6,7,21,27,36,39   
2012,32,12,14,22,28,29,34   
2012,33,4,5,17,21,30,47   
2012,34,20,21,23,28,34,44   
2012,35,13,18,36,37,41,43   
2012,36,14,16,21,23,32,47   
2012,37,4,7,11,16,22,33   
2012,38,4,6,7,17,20,25   
2012,39,5,8,17,25,32,45   
2012,40,12,14,22,30,36,40   
2012,41,14,23,31,40,47,49   
2012,42,14,20,23,27,38,45   
2012,43,16,26,28,33,37,49   
2012,44,1,4,7,28,35,39   
2012,45,14,17,22,29,31,45   
2012,46,6,11,20,24,35,43   
2012,47,14,26,27,28,29,45   
2012,48,3,9,11,19,20,31   
2012,49,17,23,34,35,38,47   
2012,50,1,4,25,29,33,34   
2012,51,5,12,18,25,36,38   
2012,52,4,10,18,19,25,31   
2013,1,5,9,21,24,39,48   
2013,2,13,14,25,29,42,48   
2013,3,15,16,19,23,39,45   
2013,4,1,3,6,21,31,42   
2013,5,3,6,23,42,46,49   
2013,6,2,4,5,9,13,31   
2013,7,8,17,28,29,38,43   
2013,8,1,2,12,17,24,49   
2013,9,10,22,27,38,46,49   
2013,10,11,15,18,31,38,49   
2013,11,1,3,4,11,37,38   
2013,12,2,8,29,37,41,46   
2013,13,3,14,18,24,29,39   
2013,14,15,24,25,29,38,48   
2013,15,14,23,33,36,37,48   
2013,16,6,17,18,23,42,49   
2013,17,4,10,12,25,27,33   
2013,18,3,5,6,16,44,49   
2013,19,12,16,21,39,41,49   
2013,20,3,5,11,12,19,30   
2013,21,3,4,23,25,44,48   
2013,22,5,24,26,35,41,44   
2013,23,1,2,5,29,38,39   
2013,24,1,11,25,26,34,46   
2013,25,9,13,16,34,38,41   
2013,26,6,30,39,40,44,46   
2013,27,1,13,16,17,25,35   
2013,28,4,6,20,22,38,40   
2013,29,12,15,19,25,35,45   
2013,30,1,14,19,25,28,39   
2013,31,6,7,21,27,36,39   
2013,32,12,14,22,28,29,34   
2013,33,4,5,17,21,30,47   
2013,34,20,21,23,28,34,44   
2013,35,13,18,36,37,41,43   
2013,36,14,16,21,23,32,47   
2013,37,4,7,11,16,22,33   
2013,38,4,6,7,17,20,25   
2013,39,5,8,17,25,32,45   
2013,40,12,14,22,30,36,40   
2013,41,14,23,31,40,47,49   
2013,42,14,20,23,27,38,45   
2013,43,16,26,28,33,37,49   
2013,44,1,4,7,28,35,39   
2013,45,14,17,22,29,31,45   
2013,46,6,11,20,24,35,43   
2013,47,14,26,27,28,29,45   
2013,48,3,9,11,19,20,31   
2013,49,17,23,34,35,38,47   
2013,50,1,4,25,29,33,34   
2013,51,5,12,18,25,36,38   
2013,52,4,10,18,19,25,31   
2014,1,5,9,21,24,39,48   
2014,2,13,14,25,29,42,48   
2014,3,15,16,19,23,39,45   
2014,4,1,3,6,21,31,42   
2014,5,3,6,23,42,46,49   
2014,6,2,4,5,9,13,31   
2014,7,8,17,28,29,38,43   
2014,8,1,2,12,17,24,49   
2014,9,10,22,27,38,46,49   
2014,10,11,15,18,31,38,49   
2014,11,1,3,4,11,37,38   
2014,12,2,8,29,37,41,46   
2014,13,3,14,18,24,29,39   
2014,14,15,24,25,29,38,48   
2014,15,14,23,33,36,37,48   
2014,16,6,17,18,23,42,49   
2014,17,4,10,12,25,27,33   
2014,18,3,5,6,16,44,49   
2014,19,12,16,21,39,41,49   
2014,20,3,5,11,12,19,30   
2014,21,3,4,23,25,44,48   
2014,22,5,24,26,35,41,44   
2014,23,1,2,5,29,38,39   
2014,24,1,11,25,26,34,46   
2014,25,9,13,16,34,38,41   
2014,26,6,30,39,40,44,46   
2014,27,1,13,16,17,25,35   
2014,28,4,6,20,22,38,40   
2014,29,12,15,19,25,35,45   
2014,30,1,14,19,25,28,39   
2014,31,6,7,21,27,36,39   
2014,32,12,14,22,28,29,34   
2014,33,4,5,17,21,30,47   
2014,34,20,21,23,28,34,44   
2014,35,13,18,36,37,41,43   
2014,36,14,16,21,23,32,47   
2014,37,4,7,11,16,22,33   
2014,38,4,6,7,17,20,25   
2014,39,5,8,17,25,32,45   
2014,40,12,14,22,30,36,40   
2014,41,14,23,31,40,47,49   
2014,42,14,20,23,27,38,45   
2014,43,16,26,28,33,37,49   
2014,44,1,4,7,28,35,39   
2014,45,14,17,22,29,31,45   
2014,46,6,11,20,24,35,43   
2014,47,14,26,27,28,29,45   
2014,48,3,9,11,19,20,31   
2014,49,17,23,34,35,38,47   
2014,50,1,4,25,29,33,34   
2014,51,5,12,18,25,36,38   
2014,52,4,10,18,19,25,31   
2015,1,5,9,21,24,39,48   
2015,2,13,14,25,29,42,48   
2015,3,15,16,19,23,39,45   
2015,4,1,3,6,21,31,42   
2015,5,3,6,23,42,46,49   
2015,6,2,4,5,9,13,31   
2015,7,8,17,28,29,38,43   
2015,8,1,2,12,17,24,49   
2015,9,10,22,27,38,46,49   
2015,10,11,15,18,31,38,49   
2015,11,1,3,4,11,37,38   
2015,12,2,8,29,37,41,46   
2015,13,3,14,18,24,29,39   
2015,14,15,24,25,29,38,48   
2015,15,14,23,33,36,37,48   
2015,16,6,17,18,23,42,49   
2015,17,4,10,12,25,27,33   
2015,18,3,5,6,16,44,49   
2015,19,12,16,21,39,41,49   
2015,20,3,5,11,12,19,30   
2015,21,3,4,23,25,44,48   
2015,22,5,24,26,35,41,44   
2015,23,1,2,5,29,38,39   
2015,24,1,11,25,26,34,46   
2015,25,9,13,16,34,38,41   
2015,26,6,30,39,40,44,46   
2015,27,1,13,16,17,25,35   
2015,28,4,6,20,22,38,40   
2015,29,12,15,19,25,35,45   
2015,30,1,14,19,25,28,39   
2015,31,6,7,21,27,36,39   
2015,32,12,14,22,28,29,34   
2015,33,4,5,17,21,30,47   
2015,34,20,21,23,28,34,44   
2015,35,13,18,36,37,41,43   
2015,36,14,16,21,23,32,47   
2015,37,4,7,11,16,22,33   
2015,38,4,6,7,17,20,25   
2015,39,5,8,17,25,32,45   
2015,40,12,14,22,30,36,40   
2015,41,14,23,31,40,47,49   
2015,42,14,20,23,27,38,45   
2015,43,16,26,28,33,37,49   
2015,44,1,4,7,28,35,39   
2015,45,14,17,22,29,31,45   
2015,46,6,11,20,24,35,43   
2015,47,14,26,27,28,29,45   
2015,48,3,9,11,19,20,31   
2015,49,17,23,34,35,38,47   
2015,50,1,4,25,29,33,34   
2015,51,5,12,18,25,36,38   
2015,52,4,10,18,19,25,31   
2016,1,5,9,21,24,39,48   
2016,2,13,14,25,29,42,48   
2016,3,15,16,19,23,39,45   
2016,4,1,3,6,21,31,42   
2016,5,3,6,23,42,46,49   
2016,6,2,4,5,9,13,31   
2016,7,8,17,28,29,38,43   
2016,8,1,2,12,17,24,49   
2016,9,10,22,27,38,46,49   
2016,10,11,15,18,31,38,49   
2016,11,1,3,4,11,37,38   
2016,12,2,8,29,37,41,46   
2016,13,3,14,18,24,29,39   
2016,14,15,24,25,29,38,48   
2016,15,14,23,33,36,37,48   
2016,16,6,17,18,23,42,49   
2016,17,4,10,12,25,27,33   
2016,18,3,5,6,16,44,49   
2016,19,12,16,21,39,41,49   
2016,20,3,5,11,12,19,30   
2016,21,3,4,23,25,44,48   
2016,22,5,24,26,35,41,44   
2016,23,1,2,5,29,38,39   
2016,24,1,11,25,26,34,46   
2016,25,9,13,16,34,38,41   
2016,26,6,30,39,40,44,46   
2016,27,1,13,16,17,25,35   
2016,28,4,6,20,22,38,40   
2016,29,12,15,19,25,35,45   
2016,30,1,14,19,25,28,39   
2016,31,6,7,21,27,36,39   
2016,32,12,14,22,28,29,34   
2016,33,4,5,17,21,30,47   
2016,34,20,21,23,28,34,44   
2016,35,13,18,36,37,41,43   
2016,36,14,16,21,23,32,47   
2016,37,4,7,11,16,22,33   
2016,38,4,6,7,17,20,25   
2016,39,5,8,17,25,32,45   
2016,40,12,14,22,30,36,40   
2016,41,14,23,31,40,47,49   
2016,42,14,20,23,27,38,45   
2016,43,16,26,28,33,37,49   
2016,44,1,4,7,28,35,39   
2016,45,14,17,22,29,31,45   
2016,46,6,11,20,24,35,43   
2016,47,14,26,27,28,29,45   
2016,48,3,9,11,19,20,31   
2016,49,17,23,34,35,38,47   
2016,50,1,4,25,29,33,34   
2016,51,5,12,18,25,36,38   
2016,52,4,10,18,19,25,31   
2017,1,5,9,21,24,39,48   
2017,2,13,14,25,29,42,48   
2017,3,15,16,19,23,39,45   
2017,4,1,3,6,21,31,42   
2017,5,3,6,23,42,46,49   
2017,6,2,4,5,9,13,31   
2017,7,8,17,28,29,38,43   
2017,8,1,2,12,17,24,49   
2017,9,10,22,27,38,46,49   
2017,10,11,15,18,31,38,49   
2017,11,1,3,4,11,37,38   
2017,12,2,8,29,37,41,46   
2017,13,3,14,18,24,29,39   
2017,14,15,24,25,29,38,48   
2017,15,14,23,33,36,37,48   
2017,16,6,17,18,23,42,49   
2017,17,4,10,12,25,27,33   
2017,18,3,5,6,16,44,49   
2017,19,12,16,21,39,41,49   
2017,20,3,5,11,12,19,30   
2017,21,3,4,23,25,44,48   
2017,22,5,24,26,35,41,44   
2017,23,1,2,5,29,38,39   
2017,24,1,11,25,26,34,46   
2017,25,9,13,16,34,38,41   
2017,26,6,30,39,40,44,46   
2017,27,1,13,16,17,25,35   
2017,28,4,6,20,22,38,40   
2017,29,12,15,19,25,35,45   
2017,30,1,14,19,25,28,39   
2017,31,6,7,21,27,36,39   
2017,32,12,14,22,28,29,34   
2017,33,4,5,17,21,30,47   
2017,34,20,21,23,28,34,44   
2017,35,13,18,36,37,41,43   
2017,36,14,16,21,23,32,47   
2017,37,4,7,11,16,22,33   
2017,38,4,6,7,17,20,25   
2017,39,5,8,17,25,32,45   
2017,40,12,14,22,30,36,40   
2017,41,14,23,31,40,47,49   
2017,42,14,20,23,27,38,45   
2017,43,16,26,28,33,37,49   
2017,44,1,4,7,28,35,39   
2017,45,14,17,22,29,31,45   
2017,46,6,11,20,24,35,43   
2017,47,14,26,27,28,29,45   
2017,48,3,9,11,19,20,31   
2017,49,17,23,34,35,38,47   
2017,50,1,4,25,29,33,34   
2017,51,5,12,18,25,36,38   
2017,52,4,10,18,19,25,31   
2018,1,5,9,21,24,39,48   
2018,2,13,14,25,29,42,48   
2018,3,15,16,19,23,39,45   
2018,4,1,3,6,21,31,42   
2018,5,3,6,23,42,46,49   
2018,6,2,4,5,9,13,31   
2018,7,8,17,28,29,38,43   
2018,8,1,2,12,17,24,49   
2018,9,10,22,27,38,46,49   
2018,10,11,15,18,31,38,49   
2018,11,1,3,4,11,37,38   
2018,12,2,8,29,37,41,46   
2018,13,3,14,18,24,29,39   
2018,14,15,24,25,29,38,48   
2018,15,14,23,33,36,37,48   
2018,16,6,17,18,23,42,49   
2018,17,4,10,12,25,27,33   
2018,18,3,5,6,16,44,49   
2018,19,12,16,21,39,41,49   
2018,20,3,5,11,12,19,30   
2018,21,3,4,23,25,44,48   
2018,22,5,24,26,35,41,44   
2018,23,1,2,5,29,38,39   
2018,24,1,11,25,26,34,46   
2018,25,9,13,16,34,38,41   
2018,26,6,30,39,40,44,46   
2018,27,1,13,16,17,25,35   
2018,28,4,6,20,22,38,40   
2018,29,12,15,19,25,35,45   
2018,30,1,14,19,25,28,39   
2018,31,6,7,21,27,36,39   
2018,32,12,14,22,28,29,34   
2018,33,4,5,17,21,30,47   
2018,34,20,21,23,28,34,44   
2018,35,13,18,36,37,41,43   
2018,36,14,16,21,23,32,47   
2018,37,4,7,11,16,22,33   
2018,38,4,6,7,17,20,25   
2018,39,5,8,17,25,32,45   
2018,40,12,14,22,30,36,40   
2018,41,14,23,31,40,47,49   
2018,42,14,20,23,27,38,45   
2018,43,16,26,28,33,37,49   
2018,44,1,4,7,28,35,39   
2018,45,14,17,22,29,31,45   
2018,46,6,11,20,24,35,43   
2018,47,14,26,27,28,29,45   
2018,48,3,9,11,19,20,31   
2018,49,17,23,34,35,38,47   
2018,50,1,4,25,29,33,34   
2018,51,5,12,18,25,36,38   
2018,52,4,10,18,19,25,31   
2019,1,5,9,21,24,39,48   
2019,2,13,14,25,29,42,48   
2019,3,15,16,19,23,39,45   
2019,4,1,3,6,21,31,42   
2019,5,3,6,23,42,46,49   
2019,6,2,4,5,9,13,31   
2019,7,8,17,28,29,38,43   
2019,8,1,2,12,17,24,49   
2019,9,10,22,27,38,46,49   
2019,10,11,15,18,31,38,49   
2019,11,1,3,4,11,37,38   
2019,12,2,8,29,37,41,46   
2019,13,3,14,18,24,29,39   
2019,14,15,24,25,29,38,48   
2019,15,14,23,33,36,37,48   
2019,16,6,17,18,23,42,49   
2019,17,4,10,12,25,27,33   
2019,18,3,5,6,16,44,49   
2019,19,12,16,21,39,41,49   
2019,20,3,5,11,12,19,30   
2019,21,3,4,23,25,44,48   
2019,22,5,24,26,35,41,44   
2019,23,1,2,5,29,38,39   
2019,24,1,11,25,26,34,46   
2019,25,9,13,16,34,38,41   
2019,26,6,30,39,40,44,46   
2019,27,1,13,16,17,25,35   
2019,28,4,6,20,22,38,40   
2019,29,12,15,19,25,35,45   
2019,30,1,14,19,25,28,39   
2019,31,6,7,21,27,36,39   
2019,32,12,14,22,28,29,34   
2019,33,4,5,17,21,30,47   
2019,34,20,21,23,28,34,44   
2019,35,13,18,36,37,41,43   
2019,36,14,16,21,23,32,47   
2019,37,4,7,11,16,22,33   
2019,38,4,6,7,17,20,25   
2019,39,5,8,17,25,32,45   
2019,40,12,14,22,30,36,40   
2019,41,14,23,31,40,47,49   
2019,42,14,20,23,27,38,45   
2019,43,16,26,28,33,37,49   
2019,44,1,4,7,28,35,39   
2019,45,14,17,22,29,31,45   
2019,46,6,11,20,24,35,43   
2019,47,14,26,27,28,29,45   
2019,48,3,9,11,19,20,31   
2019,49,17,23,34,35,38,47   
2019,50,1,4,25,29,33,34   
2019,51,5,12,18,25,36,38   
2019,52,4,10,18,19,25,31   
2020,1,5,9,21,24,39,48   
2020,2,13,14,25,29,42,48   
2020,3,15,16,19,23,39,45   
2020,4,1,3,6,21,31,42   
2020,5,3,6,23,42,46,49   
2020,6,2,4,5,9,13,31   
2020,7,8,17,28,29,38,43   
2020,8,1,2,12,17,24,49   
2020,9,10,22,27,38,46,49   
2020,10,11,15,18,31,38,49   
2020,11,1,3,4,11,37,38   
2020,12,2,8,29,37,41,46   
2020,13,3,14,18,24,29,39   
2020,14,15,24,25,29,38,48   
2020,15,14,23,33,36,37,48   
2020,16,6,17,18,23,42,49   
2020,17,4,10,12,25,27,33   
2020,18,3,5,6,16,44,49   
2020,19,12,16,21,39,41,49   
2020,20,3,5,11,12,19,30   
2020,21,3,4,23,25,44,48   
2020,22,5,24,26,35,41,44   
2020,23,1,2,5,29,38,39   
2020,24,1,11,25,26,34,46   
2020,25,9,13,16,34,38,41   
2020,26,6,30,39,40,44,46   
2020,27,1,13,16,17,25,35   
2020,28,4,6,20,22,38,40   
2020,29,12,15,19,25,35,45   
2020,30,1,14,19,25,28,39   
2020,31,6,7,21,27,36,39   
2020,32,12,14,22,28,29,34   
2020,33,4,5,17,21,30,47   
2020,34,20,21,23,28,34,44   
2020,35,13,18,36,37,41,43   
2020,36,14,16,21,23,32,47   
2020,37,4,7,11,16,22,33   
2020,38,4,6,7,17,20,25   
2020,39,5,8,17,25,32,45   
2020,40,12,14,22,30,36,40   
2020,41,14,23,31,40,47,49   
2020,42,14,20,23,27,38,45   
2020,43,16,26,28,33,37,49   
2020,44,1,4,7,28,35,39   
2020,45,14,17,22,29,31,45   
2020,46,6,11,20,24,35,43   
2020,47,14,26,27,28,29,45   
2020,48,3,9,11,19,20,31   
2020,49,17,23,34,35,38,47   
2020,50,1,4,25,29,33,34   
2020,51,5,12,18,25,36,38   
2020,52,4,10,18,19,25,31   
